5 0.7692307692307693 0.18028846153846154 0.8389423076923077 0.18028846153846154 0.8389423076923077 0.34615384615384615 0.7692307692307693 0.34615384615384615
2 0.7740384615384616 0.24278846153846154 0.8509615384615384 0.24278846153846154 0.8509615384615384 0.4326923076923077 0.7740384615384616 0.4326923076923077
1 0.8028846153846154 0.3942307692307692 0.8653846153846154 0.3942307692307692 0.8653846153846154 0.5336538461538461 0.8028846153846154 0.5336538461538461
1 0.7475961538461539 0.11057692307692307 0.8028846153846154 0.11057692307692307 0.8028846153846154 0.2403846153846154 0.7475961538461539 0.2403846153846154
3 0.7355769230769231 0.036057692307692304 0.7932692307692307 0.036057692307692304 0.7932692307692307 0.15625 0.7355769230769231 0.15625
3 0.8125 0.5192307692307693 0.8870192307692307 0.5192307692307693 0.8870192307692307 0.6442307692307693 0.8125 0.6442307692307693
6 0.8293269230769231 0.6466346153846154 0.9014423076923077 0.6466346153846154 0.9014423076923077 0.7788461538461539 0.8293269230769231 0.7788461538461539
6 0.7379807692307693 0 0.7884615384615384 0 0.7884615384615384 0.07932692307692307 0.7379807692307693 0.07932692307692307
4 0.65625 0 0.6995192307692307 0 0.6995192307692307 0.07932692307692307 0.65625 0.07932692307692307
4 0.6634615384615384 0.06009615384615385 0.7043269230769231 0.06009615384615385 0.7043269230769231 0.15625 0.6634615384615384 0.15625
4 0.6754807692307693 0.14423076923076922 0.71875 0.14423076923076922 0.71875 0.24278846153846154 0.6754807692307693 0.24278846153846154
4 0.6826923076923077 0.22596153846153846 0.7259615384615384 0.22596153846153846 0.7259615384615384 0.3245192307692308 0.6826923076923077 0.3245192307692308
4 0.6923076923076923 0.32211538461538464 0.7403846153846154 0.32211538461538464 0.7403846153846154 0.4230769230769231 0.6923076923076923 0.4230769230769231
4 0.7019230769230769 0.43028846153846156 0.7548076923076923 0.43028846153846156 0.7548076923076923 0.5360576923076923 0.7019230769230769 0.5360576923076923
4 0.71875 0.5360576923076923 0.7692307692307693 0.5360576923076923 0.7692307692307693 0.6490384615384616 0.71875 0.6490384615384616
4 0.7331730769230769 0.6634615384615384 0.7860576923076923 0.6634615384615384 0.7860576923076923 0.7740384615384616 0.7331730769230769 0.7740384615384616
11 0.16105769230769232 0.17067307692307693 0.22115384615384615 0.17067307692307693 0.22115384615384615 0.34375 0.16105769230769232 0.34375
8 0.14423076923076922 0.24519230769230768 0.21153846153846154 0.24519230769230768 0.21153846153846154 0.44471153846153844 0.14423076923076922 0.44471153846153844
7 0.17307692307692307 0.11057692307692307 0.22115384615384615 0.11057692307692307 0.22115384615384615 0.24759615384615385 0.17307692307692307 0.24759615384615385
7 0.1346153846153846 0.40625 0.19230769230769232 0.40625 0.19230769230769232 0.5408653846153846 0.1346153846153846 0.5408653846153846
9 0.1875 0.03365384615384615 0.2403846153846154 0.03365384615384615 0.2403846153846154 0.16346153846153846 0.1875 0.16346153846153846
9 0.13942307692307693 0.5216346153846154 0.20192307692307693 0.5216346153846154 0.20192307692307693 0.6634615384615384 0.13942307692307693 0.6634615384615384
12 0.10817307692307693 0.6730769230769231 0.1778846153846154 0.6730769230769231 0.1778846153846154 0.8125 0.10817307692307693 0.8125
12 0.19230769230769232 0 0.2403846153846154 0 0.2403846153846154 0.07932692307692307 0.19230769230769232 0.07932692307692307
10 0.2692307692307692 0.0625 0.3125 0.0625 0.3125 0.16105769230769232 0.2692307692307692 0.16105769230769232
10 0.27403846153846156 0 0.31490384615384615 0 0.31490384615384615 0.07932692307692307 0.27403846153846156 0.07932692307692307
10 0.2668269230769231 0.14903846153846154 0.31009615384615385 0.14903846153846154 0.31009615384615385 0.24759615384615385 0.2668269230769231 0.24759615384615385
10 0.25961538461538464 0.23557692307692307 0.30528846153846156 0.23557692307692307 0.30528846153846156 0.3389423076923077 0.25961538461538464 0.3389423076923077
10 0.25961538461538464 0.3389423076923077 0.30528846153846156 0.3389423076923077 0.30528846153846156 0.43990384615384615 0.25961538461538464 0.43990384615384615
10 0.24759615384615385 0.4495192307692308 0.2956730769230769 0.4495192307692308 0.2956730769230769 0.5480769230769231 0.24759615384615385 0.5480769230769231
10 0.24519230769230768 0.5480769230769231 0.2956730769230769 0.5480769230769231 0.2956730769230769 0.65625 0.24519230769230768 0.65625
10 0.22596153846153846 0.6706730769230769 0.28846153846153844 0.6706730769230769 0.28846153846153844 0.7860576923076923 0.22596153846153846 0.7860576923076923