10 0.6995192307692307 0.0985576923076923 0.7644230769230769 0.0985576923076923 0.7644230769230769 0.21153846153846154 0.6995192307692307 0.21153846153846154
7 0.5360576923076923 0.3557692307692308 0.6009615384615384 0.3557692307692308 0.6009615384615384 0.5 0.5360576923076923 0.5
8 0.8076923076923077 0.18990384615384615 0.8918269230769231 0.18990384615384615 0.8918269230769231 0.4014423076923077 0.8076923076923077 0.4014423076923077
11 0.625 0.04807692307692308 0.6947115384615384 0.04807692307692308 0.6947115384615384 0.23076923076923078 0.625 0.23076923076923078
12 0.5408653846153846 0.2692307692307692 0.6057692307692307 0.2692307692307692 0.6057692307692307 0.4014423076923077 0.5408653846153846 0.4014423076923077
9 0.53125 0.5721153846153846 0.6033653846153846 0.5721153846153846 0.6033653846153846 0.7331730769230769 0.53125 0.7331730769230769
10 0.7235576923076923 0.2668269230769231 0.7860576923076923 0.2668269230769231 0.7860576923076923 0.3894230769230769 0.7235576923076923 0.3894230769230769
10 0.6322115384615384 0.49759615384615385 0.6971153846153846 0.49759615384615385 0.6971153846153846 0.6225961538461539 0.6322115384615384 0.6225961538461539
6 0.7043269230769231 0 0.7668269230769231 0 0.7668269230769231 0.1201923076923077 0.7043269230769231 0.1201923076923077
3 0.7403846153846154 0.5625 0.8173076923076923 0.5625 0.8173076923076923 0.7259615384615384 0.7403846153846154 0.7259615384615384
2 0.18028846153846154 0.19471153846153846 0.27884615384615385 0.19471153846153846 0.27884615384615385 0.40625 0.18028846153846154 0.40625
4 0.44471153846153844 0.6081730769230769 0.5072115384615384 0.6081730769230769 0.5072115384615384 0.7307692307692307 0.44471153846153844 0.7307692307692307
4 0.3894230769230769 0.29086538461538464 0.44471153846153844 0.29086538461538464 0.44471153846153844 0.40865384615384615 0.3894230769230769 0.40865384615384615
4 0.37259615384615385 0.47836538461538464 0.43509615384615385 0.47836538461538464 0.43509615384615385 0.6081730769230769 0.37259615384615385 0.6081730769230769