2 0.6706730769230769 0.15865384615384615 0.7692307692307693 0.15865384615384615 0.7692307692307693 0.38221153846153844 0.6706730769230769 0.38221153846153844
11 0.7307692307692307 0 0.8221153846153846 0 0.8221153846153846 0.1778846153846154 0.7307692307692307 0.1778846153846154
7 0.41346153846153844 0.32211538461538464 0.4831730769230769 0.32211538461538464 0.4831730769230769 0.4855769230769231 0.41346153846153844 0.4855769230769231
12 0.40384615384615385 0.2283653846153846 0.4831730769230769 0.2283653846153846 0.4831730769230769 0.375 0.40384615384615385 0.375
6 0.2403846153846154 0 0.3076923076923077 0 0.3076923076923077 0.08173076923076923 0.2403846153846154 0.08173076923076923
8 0.10576923076923077 0.14903846153846154 0.20192307692307693 0.14903846153846154 0.20192307692307693 0.37740384615384615 0.10576923076923077 0.37740384615384615
10 0.24278846153846154 0.05048076923076923 0.31009615384615385 0.05048076923076923 0.31009615384615385 0.17067307692307693 0.24278846153846154 0.17067307692307693
10 0.31490384615384615 0.47596153846153844 0.38461538461538464 0.47596153846153844 0.38461538461538464 0.6009615384615384 0.31490384615384615 0.6009615384615384
10 0.22115384615384615 0.23317307692307693 0.28365384615384615 0.23317307692307693 0.28365384615384615 0.3605769230769231 0.22115384615384615 0.3605769230769231
4 0.3125 0.3485576923076923 0.37740384615384615 0.3485576923076923 0.37740384615384615 0.47115384615384615 0.3125 0.47115384615384615
4 0.5769230769230769 0.24278846153846154 0.6418269230769231 0.24278846153846154 0.6418269230769231 0.36778846153846156 0.5769230769230769 0.36778846153846156
4 0.5192307692307693 0.5889423076923077 0.5793269230769231 0.5889423076923077 0.5793269230769231 0.7163461538461539 0.5192307692307693 0.7163461538461539