2 0.6706730769230769 0.20673076923076922 0.7644230769230769 0.20673076923076922 0.7644230769230769 0.4254807692307692 0.6706730769230769 0.4254807692307692
11 0.7235576923076923 0.04567307692307692 0.8125 0.04567307692307692 0.8125 0.2283653846153846 0.7235576923076923 0.2283653846153846
7 0.4206730769230769 0.3605769230769231 0.4855769230769231 0.3605769230769231 0.4855769230769231 0.5192307692307693 0.4206730769230769 0.5192307692307693
12 0.4110576923076923 0.2692307692307692 0.4855769230769231 0.2692307692307692 0.4855769230769231 0.41346153846153844 0.4110576923076923 0.41346153846153844
6 0.24759615384615385 0.004807692307692308 0.3125 0.004807692307692308 0.3125 0.125 0.24759615384615385 0.125
8 0.1201923076923077 0.1875 0.21153846153846154 0.1875 0.21153846153846154 0.4110576923076923 0.1201923076923077 0.4110576923076923
10 0.25240384615384615 0.09375 0.31490384615384615 0.09375 0.31490384615384615 0.21153846153846154 0.25240384615384615 0.21153846153846154
10 0.3269230769230769 0.5096153846153846 0.3918269230769231 0.5096153846153846 0.3918269230769231 0.6298076923076923 0.3269230769230769 0.6298076923076923
10 0.23076923076923078 0.27163461538461536 0.29086538461538464 0.27163461538461536 0.29086538461538464 0.39663461538461536 0.23076923076923078 0.39663461538461536
4 0.32211538461538464 0.38461538461538464 0.38221153846153844 0.38461538461538464 0.38221153846153844 0.5048076923076923 0.32211538461538464 0.5048076923076923
4 0.5793269230769231 0.2860576923076923 0.6394230769230769 0.2860576923076923 0.6394230769230769 0.40865384615384615 0.5793269230769231 0.40865384615384615
4 0.5240384615384616 0.6225961538461539 0.5841346153846154 0.6225961538461539 0.5841346153846154 0.7475961538461539 0.5240384615384616 0.7475961538461539