2 0.1778846153846154 0.17307692307692307 0.27403846153846156 0.17307692307692307 0.27403846153846156 0.3942307692307692 0.1778846153846154 0.3942307692307692
12 0.5504807692307693 0.23798076923076922 0.6225961538461539 0.23798076923076922 0.6225961538461539 0.3870192307692308 0.5504807692307693 0.3870192307692308
9 0.6322115384615384 0.3245192307692308 0.7091346153846154 0.3245192307692308 0.7091346153846154 0.4855769230769231 0.6322115384615384 0.4855769230769231
7 0.5408653846153846 0.3317307692307692 0.6081730769230769 0.3317307692307692 0.6081730769230769 0.5 0.5408653846153846 0.5
11 0.6466346153846154 0.004807692307692308 0.7235576923076923 0.004807692307692308 0.7235576923076923 0.19951923076923078 0.6466346153846154 0.19951923076923078
8 0.8293269230769231 0.15144230769230768 0.9206730769230769 0.15144230769230768 0.9206730769230769 0.3870192307692308 0.8293269230769231 0.3870192307692308
10 0.7307692307692307 0.06971153846153846 0.7956730769230769 0.06971153846153846 0.7956730769230769 0.18509615384615385 0.7307692307692307 0.18509615384615385
10 0.7427884615384616 0.24759615384615385 0.8052884615384616 0.24759615384615385 0.8052884615384616 0.37259615384615385 0.7427884615384616 0.37259615384615385
10 0.6322115384615384 0.4879807692307692 0.6971153846153846 0.4879807692307692 0.6971153846153846 0.6177884615384616 0.6322115384615384 0.6177884615384616
6 0.7331730769230769 0 0.8052884615384616 0 0.8052884615384616 0.09615384615384616 0.7331730769230769 0.09615384615384616
4 0.38461538461538464 0.2620192307692308 0.44711538461538464 0.2620192307692308 0.44711538461538464 0.3918269230769231 0.38461538461538464 0.3918269230769231
4 0.5504807692307693 0.4735576923076923 0.6177884615384616 0.4735576923076923 0.6177884615384616 0.59375 0.5504807692307693 0.59375
4 0.4230769230769231 0.6057692307692307 0.49278846153846156 0.6057692307692307 0.49278846153846156 0.7355769230769231 0.4230769230769231 0.7355769230769231