5 0.7620192307692307 0.23317307692307693 0.8341346153846154 0.23317307692307693 0.8341346153846154 0.39663461538461536 0.7620192307692307 0.39663461538461536
2 0.7668269230769231 0.2932692307692308 0.84375 0.2932692307692308 0.84375 0.49038461538461536 0.7668269230769231 0.49038461538461536
1 0.6971153846153846 0.5769230769230769 0.7548076923076923 0.5769230769230769 0.7548076923076923 0.7211538461538461 0.6971153846153846 0.7211538461538461
1 0.7355769230769231 0.15384615384615385 0.7908653846153846 0.15384615384615385 0.7908653846153846 0.2956730769230769 0.7355769230769231 0.2956730769230769
12 0.8245192307692307 0.6995192307692307 0.9014423076923077 0.6995192307692307 0.9014423076923077 0.8461538461538461 0.8245192307692307 0.8461538461538461
12 0.7235576923076923 0.014423076923076924 0.7740384615384616 0.014423076923076924 0.7740384615384616 0.13701923076923078 0.7235576923076923 0.13701923076923078
3 0.4110576923076923 0.34615384615384615 0.47115384615384615 0.34615384615384615 0.47115384615384615 0.4855769230769231 0.4110576923076923 0.4855769230769231
3 0.5673076923076923 0.07211538461538461 0.6201923076923077 0.07211538461538461 0.6201923076923077 0.2091346153846154 0.5673076923076923 0.2091346153846154
4 0.6514423076923077 0.11298076923076923 0.6923076923076923 0.11298076923076923 0.6923076923076923 0.20192307692307693 0.6514423076923077 0.20192307692307693
4 0.6394230769230769 0.016826923076923076 0.6850961538461539 0.016826923076923076 0.6850961538461539 0.11778846153846154 0.6394230769230769 0.11778846153846154
4 0.6995192307692307 0.4855769230769231 0.75 0.4855769230769231 0.75 0.5889423076923077 0.6995192307692307 0.5889423076923077
4 0.6826923076923077 0.37259615384615385 0.7355769230769231 0.37259615384615385 0.7355769230769231 0.47836538461538464 0.6826923076923077 0.47836538461538464
4 0.6586538461538461 0.1875 0.7043269230769231 0.1875 0.7043269230769231 0.2932692307692308 0.6586538461538461 0.2932692307692308
4 0.49759615384615385 0.2620192307692308 0.5408653846153846 0.2620192307692308 0.5408653846153846 0.37259615384615385 0.49759615384615385 0.37259615384615385
4 0.6009615384615384 0.5913461538461539 0.6538461538461539 0.5913461538461539 0.6538461538461539 0.7067307692307693 0.6009615384615384 0.7067307692307693
4 0.6322115384615384 0.71875 0.6899038461538461 0.71875 0.6899038461538461 0.8389423076923077 0.6322115384615384 0.8389423076923077
12 0.15865384615384615 0.002403846153846154 0.21875 0.002403846153846154 0.21875 0.11298076923076923 0.15865384615384615 0.11298076923076923
12 0.21394230769230768 0.7091346153846154 0.2860576923076923 0.7091346153846154 0.2860576923076923 0.8485576923076923 0.21394230769230768 0.8485576923076923
8 0.11778846153846154 0.27884615384615385 0.19951923076923078 0.27884615384615385 0.19951923076923078 0.4831730769230769 0.11778846153846154 0.4831730769230769
11 0.13221153846153846 0.20432692307692307 0.2091346153846154 0.20432692307692307 0.2091346153846154 0.3798076923076923 0.13221153846153846 0.3798076923076923
7 0.11538461538461539 0.43990384615384615 0.18269230769230768 0.43990384615384615 0.18269230769230768 0.5865384615384616 0.11538461538461539 0.5865384615384616
7 0.3245192307692308 0.002403846153846154 0.3798076923076923 0.002403846153846154 0.3798076923076923 0.11778846153846154 0.3245192307692308 0.11778846153846154
9 0.3269230769230769 0.13942307692307693 0.3870192307692308 0.13942307692307693 0.3870192307692308 0.27884615384615385 0.3269230769230769 0.27884615384615385
9 0.1201923076923077 0.5576923076923077 0.1971153846153846 0.5576923076923077 0.1971153846153846 0.7043269230769231 0.1201923076923077 0.7043269230769231
10 0.4254807692307692 0.7163461538461539 0.4855769230769231 0.7163461538461539 0.4855769230769231 0.8293269230769231 0.4254807692307692 0.8293269230769231
10 0.23317307692307693 0.4855769230769231 0.28365384615384615 0.4855769230769231 0.28365384615384615 0.5889423076923077 0.23317307692307693 0.5889423076923077
10 0.2283653846153846 0.5913461538461539 0.29086538461538464 0.5913461538461539 0.29086538461538464 0.7019230769230769 0.2283653846153846 0.7019230769230769
10 0.24278846153846154 0.37740384615384615 0.2932692307692308 0.37740384615384615 0.2932692307692308 0.4855769230769231 0.24278846153846154 0.4855769230769231
10 0.4110576923076923 0.2668269230769231 0.45913461538461536 0.2668269230769231 0.45913461538461536 0.36778846153846156 0.4110576923076923 0.36778846153846156
10 0.4014423076923077 0.10096153846153846 0.44711538461538464 0.10096153846153846 0.44711538461538464 0.19951923076923078 0.4014423076923077 0.19951923076923078
10 0.24759615384615385 0.18028846153846154 0.2956730769230769 0.18028846153846154 0.2956730769230769 0.2860576923076923 0.24759615384615385 0.2860576923076923
10 0.24759615384615385 0.009615384615384616 0.2956730769230769 0.009615384615384616 0.2956730769230769 0.11778846153846154 0.24759615384615385 0.11778846153846154