8 0.10336538461538461 0.29086538461538464 0.1875 0.29086538461538464 0.1875 0.5072115384615384 0.10336538461538461 0.5072115384615384
12 0.14423076923076922 0.002403846153846154 0.2091346153846154 0.002403846153846154 0.2091346153846154 0.1346153846153846 0.14423076923076922 0.1346153846153846
7 0.1346153846153846 0.052884615384615384 0.19951923076923078 0.052884615384615384 0.19951923076923078 0.2091346153846154 0.1346153846153846 0.2091346153846154
7 0.09134615384615384 0.5961538461538461 0.17307692307692307 0.5961538461538461 0.17307692307692307 0.7475961538461539 0.09134615384615384 0.7475961538461539
9 0.11538461538461539 0.4735576923076923 0.18269230769230768 0.4735576923076923 0.18269230769230768 0.6201923076923077 0.11538461538461539 0.6201923076923077
9 0.3125 0.24759615384615385 0.3701923076923077 0.24759615384615385 0.3701923076923077 0.3894230769230769 0.3125 0.3894230769230769
11 0.2956730769230769 0.038461538461538464 0.36778846153846156 0.038461538461538464 0.36778846153846156 0.22355769230769232 0.2956730769230769 0.22355769230769232
10 0.37740384615384615 0.009615384615384616 0.4326923076923077 0.009615384615384616 0.4326923076923077 0.125 0.37740384615384615 0.125
10 0.38221153846153844 0.18028846153846154 0.4375 0.18028846153846154 0.4375 0.29086538461538464 0.38221153846153844 0.29086538461538464
10 0.23317307692307693 0.09134615384615384 0.28365384615384615 0.09134615384615384 0.28365384615384615 0.20673076923076922 0.23317307692307693 0.20673076923076922
10 0.22115384615384615 0.27403846153846156 0.2764423076923077 0.27403846153846156 0.2764423076923077 0.3870192307692308 0.22115384615384615 0.3870192307692308
10 0.22115384615384615 0.3798076923076923 0.28365384615384615 0.3798076923076923 0.28365384615384615 0.4951923076923077 0.22115384615384615 0.4951923076923077
10 0.20673076923076922 0.6129807692307693 0.27403846153846156 0.6129807692307693 0.27403846153846156 0.7331730769230769 0.20673076923076922 0.7331730769230769
5 0.4879807692307692 0.31971153846153844 0.5552884615384616 0.31971153846153844 0.5552884615384616 0.5168269230769231 0.4879807692307692 0.5168269230769231
1 0.32211538461538464 0.46875 0.3894230769230769 0.46875 0.3894230769230769 0.625 0.32211538461538464 0.625
3 0.5649038461538461 0.2548076923076923 0.6322115384615384 0.2548076923076923 0.6322115384615384 0.40865384615384615 0.5649038461538461 0.40865384615384615
3 0.6129807692307693 0.5769230769230769 0.6850961538461539 0.5769230769230769 0.6850961538461539 0.75 0.6129807692307693 0.75
2 0.7403846153846154 0.1875 0.8269230769230769 0.1875 0.8269230769230769 0.3942307692307692 0.7403846153846154 0.3942307692307692
1 0.6225961538461539 0.007211538461538462 0.6826923076923077 0.007211538461538462 0.6826923076923077 0.14182692307692307 0.6225961538461539 0.14182692307692307
6 0.7067307692307693 0.009615384615384616 0.7692307692307693 0.009615384615384616 0.7692307692307693 0.13701923076923078 0.7067307692307693 0.13701923076923078
6 0.7860576923076923 0.47115384615384615 0.8605769230769231 0.47115384615384615 0.8605769230769231 0.625 0.7860576923076923 0.625
4 0.7283653846153846 0.7427884615384616 0.7932692307692307 0.7427884615384616 0.7932692307692307 0.8629807692307693 0.7283653846153846 0.8629807692307693
4 0.6658653846153846 0.2860576923076923 0.71875 0.2860576923076923 0.71875 0.39663461538461536 0.6658653846153846 0.39663461538461536
4 0.5504807692307693 0.10336538461538461 0.6033653846153846 0.10336538461538461 0.6033653846153846 0.22115384615384615 0.5504807692307693 0.22115384615384615
4 0.4879807692307692 0.19471153846153846 0.5384615384615384 0.19471153846153846 0.5384615384615384 0.31009615384615385 0.4879807692307692 0.31009615384615385
4 0.5865384615384616 0.4807692307692308 0.6442307692307693 0.4807692307692308 0.6442307692307693 0.6009615384615384 0.5865384615384616 0.6009615384615384
4 0.5192307692307693 0.6153846153846154 0.5769230769230769 0.6153846153846154 0.5769230769230769 0.7403846153846154 0.5192307692307693 0.7403846153846154