6 0.11538461538461539 0.7307692307692307 0.19230769230769232 0.7307692307692307 0.19230769230769232 0.8725961538461539 0.11538461538461539 0.8725961538461539
6 0.25 0.004807692307692308 0.3076923076923077 0.004807692307692308 0.3076923076923077 0.11538461538461539 0.25 0.11538461538461539
5 0.27403846153846156 0.31971153846153844 0.34134615384615385 0.31971153846153844 0.34134615384615385 0.5024038461538461 0.27403846153846156 0.5024038461538461
2 0.19471153846153846 0.18269230769230768 0.27884615384615385 0.18269230769230768 0.27884615384615385 0.3894230769230769 0.19471153846153846 0.3894230769230769
3 0.15384615384615385 0.47596153846153844 0.2283653846153846 0.47596153846153844 0.2283653846153846 0.6177884615384616 0.15384615384615385 0.6177884615384616
3 0.38221153846153844 0.2644230769230769 0.44471153846153844 0.2644230769230769 0.44471153846153844 0.40865384615384615 0.38221153846153844 0.40865384615384615
1 0.2403846153846154 0.0625 0.2980769230769231 0.0625 0.2980769230769231 0.2091346153846154 0.2403846153846154 0.2091346153846154
1 0.4807692307692308 0.2548076923076923 0.53125 0.2548076923076923 0.53125 0.4014423076923077 0.4807692307692308 0.4014423076923077
4 0.23557692307692307 0.7451923076923077 0.2980769230769231 0.7451923076923077 0.2980769230769231 0.8677884615384616 0.23557692307692307 0.8677884615384616
4 0.3076923076923077 0.28125 0.3557692307692308 0.28125 0.3557692307692308 0.3918269230769231 0.3076923076923077 0.3918269230769231
4 0.4230769230769231 0.10336538461538461 0.46875 0.10336538461538461 0.46875 0.22115384615384615 0.4230769230769231 0.22115384615384615
4 0.49759615384615385 0.016826923076923076 0.5408653846153846 0.016826923076923076 0.5408653846153846 0.12259615384615384 0.49759615384615385 0.12259615384615384
4 0.49038461538461536 0.19951923076923078 0.5360576923076923 0.19951923076923078 0.5360576923076923 0.31009615384615385 0.49038461538461536 0.31009615384615385
4 0.46875 0.3942307692307692 0.5168269230769231 0.3942307692307692 0.5168269230769231 0.5072115384615384 0.46875 0.5072115384615384
4 0.39663461538461536 0.4951923076923077 0.44711538461538464 0.4951923076923077 0.44711538461538464 0.6153846153846154 0.39663461538461536 0.6153846153846154
4 0.4543269230769231 0.6225961538461539 0.5072115384615384 0.6225961538461539 0.5072115384615384 0.7524038461538461 0.4543269230769231 0.7524038461538461
8 0.8461538461538461 0.31009615384615385 0.9254807692307693 0.31009615384615385 0.9254807692307693 0.5192307692307693 0.8461538461538461 0.5192307692307693
9 0.6538461538461539 0.25961538461538464 0.7139423076923077 0.25961538461538464 0.7139423076923077 0.40384615384615385 0.6538461538461539 0.40384615384615385
9 0.8509615384615384 0.4951923076923077 0.9254807692307693 0.4951923076923077 0.9254807692307693 0.6370192307692307 0.8509615384615384 0.6370192307692307
12 0.6538461538461539 0.7331730769230769 0.7235576923076923 0.7331730769230769 0.7235576923076923 0.8846153846153846 0.6538461538461539 0.8846153846153846
12 0.8197115384615384 0.019230769230769232 0.875 0.019230769230769232 0.875 0.14423076923076922 0.8197115384615384 0.14423076923076922
7 0.8341346153846154 0.06971153846153846 0.8918269230769231 0.06971153846153846 0.8918269230769231 0.22115384615384615 0.8341346153846154 0.22115384615384615
7 0.875 0.6177884615384616 0.9399038461538461 0.6177884615384616 0.9399038461538461 0.7692307692307693 0.875 0.7692307692307693
11 0.7307692307692307 0.12740384615384615 0.8028846153846154 0.12740384615384615 0.8028846153846154 0.30528846153846156 0.7307692307692307 0.30528846153846156
10 0.7475961538461539 0.10336538461538461 0.7908653846153846 0.10336538461538461 0.7908653846153846 0.21634615384615385 0.7475961538461539 0.21634615384615385
10 0.7572115384615384 0.2860576923076923 0.8052884615384616 0.2860576923076923 0.8052884615384616 0.39663461538461536 0.7572115384615384 0.39663461538461536
10 0.59375 0.014423076923076924 0.6418269230769231 0.014423076923076924 0.6418269230769231 0.125 0.59375 0.125
10 0.5913461538461539 0.18028846153846154 0.6394230769230769 0.18028846153846154 0.6394230769230769 0.2956730769230769 0.5913461538461539 0.2956730769230769
10 0.7572115384615384 0.3918269230769231 0.8100961538461539 0.3918269230769231 0.8100961538461539 0.5048076923076923 0.7572115384615384 0.5048076923076923
10 0.7668269230769231 0.6346153846153846 0.8245192307692307 0.6346153846153846 0.8245192307692307 0.7524038461538461 0.7668269230769231 0.7524038461538461
10 0.5528846153846154 0.7548076923076923 0.6105769230769231 0.7548076923076923 0.6105769230769231 0.8798076923076923 0.5528846153846154 0.8798076923076923
10 0.5745192307692307 0.5144230769230769 0.6274038461538461 0.5144230769230769 0.6274038461538461 0.6346153846153846 0.5745192307692307 0.6346153846153846