2 0.18509615384615385 0.18990384615384615 0.27163461538461536 0.18990384615384615 0.27163461538461536 0.40865384615384615 0.18509615384615385 0.40865384615384615
6 0.4014423076923077 0.021634615384615384 0.45913461538461536 0.021634615384615384 0.45913461538461536 0.15384615384615385 0.4014423076923077 0.15384615384615385
1 0.4543269230769231 0.15625 0.5240384615384616 0.15625 0.5240384615384616 0.3125 0.4543269230769231 0.3125
4 0.2860576923076923 0.2860576923076923 0.34134615384615385 0.2860576923076923 0.34134615384615385 0.40384615384615385 0.2860576923076923 0.40384615384615385
4 0.3557692307692308 0.4831730769230769 0.41586538461538464 0.4831730769230769 0.41586538461538464 0.6081730769230769 0.3557692307692308 0.6081730769230769
4 0.4182692307692308 0.6033653846153846 0.47836538461538464 0.6033653846153846 0.47836538461538464 0.7307692307692307 0.4182692307692308 0.7307692307692307
4 0.5504807692307693 0.125 0.6105769230769231 0.125 0.6105769230769231 0.24519230769230768 0.5504807692307693 0.24519230769230768
3 0.6105769230769231 0.36538461538461536 0.6850961538461539 0.36538461538461536 0.6850961538461539 0.5216346153846154 0.6105769230769231 0.5216346153846154
3 0.7139423076923077 0.5625 0.7908653846153846 0.5625 0.7908653846153846 0.7259615384615384 0.7139423076923077 0.7259615384615384
9 0.7211538461538461 0.7139423076923077 0.8004807692307693 0.7139423076923077 0.8004807692307693 0.8701923076923077 0.7211538461538461 0.8701923076923077
12 0.7716346153846154 0.028846153846153848 0.8389423076923077 0.028846153846153848 0.8389423076923077 0.15865384615384615 0.7716346153846154 0.15865384615384615
11 0.6201923076923077 0.06009615384615385 0.6875 0.06009615384615385 0.6875 0.2403846153846154 0.6201923076923077 0.2403846153846154
8 0.7908653846153846 0.20673076923076922 0.8774038461538461 0.20673076923076922 0.8774038461538461 0.41346153846153844 0.7908653846153846 0.41346153846153844
7 0.5264423076923077 0.35096153846153844 0.5889423076923077 0.35096153846153844 0.5889423076923077 0.5096153846153846 0.5264423076923077 0.5096153846153846
10 0.6225961538461539 0.27403846153846156 0.6754807692307693 0.27403846153846156 0.6754807692307693 0.3894230769230769 0.6225961538461539 0.3894230769230769
10 0.6971153846153846 0.11538461538461539 0.7548076923076923 0.11538461538461539 0.7548076923076923 0.22596153846153846 0.6971153846153846 0.22596153846153846
10 0.7067307692307693 0.28125 0.7668269230769231 0.28125 0.7668269230769231 0.40384615384615385 0.7067307692307693 0.40384615384615385
10 0.6081730769230769 0.5048076923076923 0.6778846153846154 0.5048076923076923 0.6778846153846154 0.6298076923076923 0.6081730769230769 0.6298076923076923