2 0.16105769230769232 0.19471153846153846 0.2548076923076923 0.19471153846153846 0.2548076923076923 0.42788461538461536 0.16105769230769232 0.42788461538461536
6 0.3894230769230769 0.01201923076923077 0.4519230769230769 0.01201923076923077 0.4519230769230769 0.15625 0.3894230769230769 0.15625
1 0.4495192307692308 0.15865384615384615 0.5240384615384616 0.15865384615384615 0.5240384615384616 0.3269230769230769 0.4495192307692308 0.3269230769230769
4 0.27163461538461536 0.2980769230769231 0.3317307692307692 0.2980769230769231 0.3317307692307692 0.4230769230769231 0.27163461538461536 0.4230769230769231
4 0.35336538461538464 0.5096153846153846 0.4182692307692308 0.5096153846153846 0.4182692307692308 0.6418269230769231 0.35336538461538464 0.6418269230769231
4 0.4230769230769231 0.6370192307692307 0.4879807692307692 0.6370192307692307 0.4879807692307692 0.7764423076923077 0.4230769230769231 0.7764423076923077
4 0.5528846153846154 0.12259615384615384 0.6153846153846154 0.12259615384615384 0.6153846153846154 0.25240384615384615 0.5528846153846154 0.25240384615384615
3 0.6225961538461539 0.38221153846153844 0.7019230769230769 0.38221153846153844 0.7019230769230769 0.5480769230769231 0.6225961538461539 0.5480769230769231
3 0.7379807692307693 0.5961538461538461 0.8197115384615384 0.5961538461538461 0.8197115384615384 0.7692307692307693 0.7379807692307693 0.7692307692307693
9 0.75 0.7572115384615384 0.8341346153846154 0.7572115384615384 0.8341346153846154 0.9230769230769231 0.75 0.9230769230769231
12 0.7884615384615384 0.021634615384615384 0.8581730769230769 0.021634615384615384 0.8581730769230769 0.16105769230769232 0.7884615384615384 0.16105769230769232
11 0.625 0.055288461538461536 0.6971153846153846 0.055288461538461536 0.6971153846153846 0.24759615384615385 0.625 0.24759615384615385
8 0.8125 0.21153846153846154 0.90625 0.21153846153846154 0.90625 0.4326923076923077 0.8125 0.4326923076923077
7 0.53125 0.36778846153846156 0.6009615384615384 0.36778846153846156 0.6009615384615384 0.5384615384615384 0.53125 0.5384615384615384
10 0.6322115384615384 0.2860576923076923 0.6899038461538461 0.2860576923076923 0.6899038461538461 0.40865384615384615 0.6322115384615384 0.40865384615384615
10 0.7067307692307693 0.11298076923076923 0.7692307692307693 0.11298076923076923 0.7692307692307693 0.23317307692307693 0.7067307692307693 0.23317307692307693
10 0.7235576923076923 0.29086538461538464 0.7884615384615384 0.29086538461538464 0.7884615384615384 0.4206730769230769 0.7235576923076923 0.4206730769230769
10 0.6225961538461539 0.53125 0.6971153846153846 0.53125 0.6971153846153846 0.6682692307692307 0.6225961538461539 0.6682692307692307