2 0.19230769230769232 0.19230769230769232 0.27884615384615385 0.19230769230769232 0.27884615384615385 0.4110576923076923 0.19230769230769232 0.4110576923076923
6 0.4014423076923077 0.026442307692307692 0.46153846153846156 0.026442307692307692 0.46153846153846156 0.16105769230769232 0.4014423076923077 0.16105769230769232
1 0.4567307692307692 0.16105769230769232 0.5288461538461539 0.16105769230769232 0.5288461538461539 0.31971153846153844 0.4567307692307692 0.31971153846153844
4 0.2956730769230769 0.29086538461538464 0.35096153846153844 0.29086538461538464 0.35096153846153844 0.40625 0.2956730769230769 0.40625
4 0.36778846153846156 0.4855769230769231 0.42788461538461536 0.4855769230769231 0.42788461538461536 0.6081730769230769 0.36778846153846156 0.6081730769230769
4 0.4326923076923077 0.6057692307692307 0.49278846153846156 0.6057692307692307 0.49278846153846156 0.7355769230769231 0.4326923076923077 0.7355769230769231
4 0.5552884615384616 0.13221153846153846 0.6129807692307693 0.13221153846153846 0.6129807692307693 0.25240384615384615 0.5552884615384616 0.25240384615384615
3 0.6201923076923077 0.37259615384615385 0.6923076923076923 0.37259615384615385 0.6923076923076923 0.5264423076923077 0.6201923076923077 0.5264423076923077
3 0.7259615384615384 0.5697115384615384 0.8028846153846154 0.5697115384615384 0.8028846153846154 0.7331730769230769 0.7259615384615384 0.7331730769230769
9 0.7379807692307693 0.7211538461538461 0.8149038461538461 0.7211538461538461 0.8149038461538461 0.875 0.7379807692307693 0.875
12 0.7716346153846154 0.038461538461538464 0.8365384615384616 0.038461538461538464 0.8365384615384616 0.17067307692307693 0.7716346153846154 0.17067307692307693
11 0.6225961538461539 0.06971153846153846 0.6899038461538461 0.06971153846153846 0.6899038461538461 0.25 0.6225961538461539 0.25
8 0.7956730769230769 0.21875 0.8822115384615384 0.21875 0.8822115384615384 0.4230769230769231 0.7956730769230769 0.4230769230769231
7 0.5336538461538461 0.3557692307692308 0.5985576923076923 0.3557692307692308 0.5985576923076923 0.5168269230769231 0.5336538461538461 0.5168269230769231
10 0.6274038461538461 0.28125 0.6802884615384616 0.28125 0.6802884615384616 0.3942307692307692 0.6274038461538461 0.3942307692307692
10 0.6971153846153846 0.125 0.7548076923076923 0.125 0.7548076923076923 0.23557692307692307 0.6971153846153846 0.23557692307692307
10 0.7139423076923077 0.28846153846153844 0.7740384615384616 0.28846153846153844 0.7740384615384616 0.4110576923076923 0.7139423076923077 0.4110576923076923
10 0.6177884615384616 0.5096153846153846 0.6875 0.5096153846153846 0.6875 0.6370192307692307 0.6177884615384616 0.6370192307692307