3 0.3798076923076923 0.07692307692307693 0.4375 0.07692307692307693 0.4375 0.20432692307692307 0.3798076923076923 0.20432692307692307
3 0.5240384615384616 0.33413461538461536 0.5817307692307693 0.33413461538461536 0.5817307692307693 0.47596153846153844 0.5240384615384616 0.47596153846153844
1 0.24278846153846154 0.5576923076923077 0.31009615384615385 0.5576923076923077 0.31009615384615385 0.6947115384615384 0.24278846153846154 0.6947115384615384
1 0.20673076923076922 0.15865384615384615 0.2668269230769231 0.15865384615384615 0.2668269230769231 0.2956730769230769 0.20673076923076922 0.2956730769230769
2 0.16105769230769232 0.27403846153846156 0.2403846153846154 0.27403846153846156 0.2403846153846154 0.47836538461538464 0.16105769230769232 0.47836538461538464
6 0.10576923076923077 0.6682692307692307 0.18269230769230768 0.6682692307692307 0.18269230769230768 0.8173076923076923 0.10576923076923077 0.8173076923076923
6 0.3870192307692308 0.01201923076923077 0.43990384615384615 0.01201923076923077 0.43990384615384615 0.12740384615384615 0.3870192307692308 0.12740384615384615
5 0.36538461538461536 0.21875 0.4254807692307692 0.21875 0.4254807692307692 0.3870192307692308 0.36538461538461536 0.3870192307692308
4 0.31009615384615385 0.10336538461538461 0.3581730769230769 0.10336538461538461 0.3581730769230769 0.19951923076923078 0.31009615384615385 0.19951923076923078
4 0.2956730769230769 0.1875 0.34375 0.1875 0.34375 0.29086538461538464 0.2956730769230769 0.29086538461538464
4 0.25240384615384615 0.46634615384615385 0.31009615384615385 0.46634615384615385 0.31009615384615385 0.5673076923076923 0.25240384615384615 0.5673076923076923
4 0.2668269230769231 0.3581730769230769 0.3173076923076923 0.3581730769230769 0.3173076923076923 0.46153846153846156 0.2668269230769231 0.46153846153846156
4 0.34134615384615385 0.5721153846153846 0.39903846153846156 0.5721153846153846 0.39903846153846156 0.6875 0.34134615384615385 0.6875
4 0.3125 0.6971153846153846 0.36778846153846156 0.6971153846153846 0.36778846153846156 0.8125 0.3125 0.8125
4 0.45913461538461536 0.026442307692307692 0.5048076923076923 0.026442307692307692 0.5048076923076923 0.12259615384615384 0.45913461538461536 0.12259615384615384
4 0.45913461538461536 0.2644230769230769 0.5048076923076923 0.2644230769230769 0.5048076923076923 0.3629807692307692 0.45913461538461536 0.3629807692307692
7 0.6129807692307693 0.009615384615384616 0.6706730769230769 0.009615384615384616 0.6706730769230769 0.12259615384615384 0.6129807692307693 0.12259615384615384
8 0.7860576923076923 0.28365384615384615 0.8653846153846154 0.28365384615384615 0.8653846153846154 0.4831730769230769 0.7860576923076923 0.4831730769230769
7 0.8052884615384616 0.4375 0.8701923076923077 0.4375 0.8701923076923077 0.5745192307692307 0.8052884615384616 0.5745192307692307
11 0.7740384615384616 0.20673076923076922 0.8509615384615384 0.20673076923076922 0.8509615384615384 0.38461538461538464 0.7740384615384616 0.38461538461538464
12 0.6995192307692307 0.6923076923076923 0.7692307692307693 0.6923076923076923 0.7692307692307693 0.8365384615384616 0.6995192307692307 0.8365384615384616
12 0.7644230769230769 0.014423076923076924 0.8269230769230769 0.014423076923076924 0.8269230769230769 0.125 0.7644230769230769 0.125
9 0.7908653846153846 0.5456730769230769 0.8653846153846154 0.5456730769230769 0.8653846153846154 0.6923076923076923 0.7908653846153846 0.6923076923076923
9 0.6105769230769231 0.14423076923076922 0.6634615384615384 0.14423076923076922 0.6634615384615384 0.2764423076923077 0.6105769230769231 0.2764423076923077
10 0.5360576923076923 0.2620192307692308 0.5865384615384616 0.2620192307692308 0.5865384615384616 0.36778846153846156 0.5360576923076923 0.36778846153846156
10 0.5456730769230769 0.09615384615384616 0.5985576923076923 0.09615384615384616 0.5985576923076923 0.20432692307692307 0.5456730769230769 0.20432692307692307
10 0.6971153846153846 0.014423076923076924 0.7427884615384616 0.014423076923076924 0.7427884615384616 0.12259615384615384 0.6971153846153846 0.12259615384615384
10 0.6947115384615384 0.18509615384615385 0.7427884615384616 0.18509615384615385 0.7427884615384616 0.28846153846153844 0.6947115384615384 0.28846153846153844
10 0.6971153846153846 0.375 0.7475961538461539 0.375 0.7475961538461539 0.47596153846153844 0.6971153846153846 0.47596153846153844
10 0.7019230769230769 0.4831730769230769 0.7548076923076923 0.4831730769230769 0.7548076923076923 0.5817307692307693 0.7019230769230769 0.5817307692307693
10 0.6995192307692307 0.5793269230769231 0.7548076923076923 0.5793269230769231 0.7548076923076923 0.6875 0.6995192307692307 0.6875
10 0.5120192307692307 0.6947115384615384 0.5673076923076923 0.6947115384615384 0.5673076923076923 0.8028846153846154 0.5120192307692307 0.8028846153846154