3 0.5504807692307693 0.06490384615384616 0.6105769230769231 0.06490384615384616 0.6105769230769231 0.19471153846153846 0.5504807692307693 0.19471153846153846
3 0.3894230769230769 0.31971153846153844 0.4495192307692308 0.31971153846153844 0.4495192307692308 0.4639423076923077 0.3894230769230769 0.4639423076923077
1 0.6538461538461539 0.5528846153846154 0.7235576923076923 0.5528846153846154 0.7235576923076923 0.6899038461538461 0.6538461538461539 0.6899038461538461
1 0.7211538461538461 0.14903846153846154 0.7788461538461539 0.14903846153846154 0.7788461538461539 0.2860576923076923 0.7211538461538461 0.2860576923076923
2 0.7379807692307693 0.2692307692307692 0.8197115384615384 0.2692307692307692 0.8197115384615384 0.47115384615384615 0.7379807692307693 0.47115384615384615
6 0.7764423076923077 0.6658653846153846 0.8557692307692307 0.6658653846153846 0.8557692307692307 0.8149038461538461 0.7764423076923077 0.8149038461538461
6 0.5528846153846154 0 0.6081730769230769 0 0.6081730769230769 0.11778846153846154 0.5528846153846154 0.11778846153846154
5 0.5528846153846154 0.20673076923076922 0.6177884615384616 0.20673076923076922 0.6177884615384616 0.37740384615384615 0.5528846153846154 0.37740384615384615
4 0.6298076923076923 0.09134615384615384 0.6778846153846154 0.09134615384615384 0.6778846153846154 0.1875 0.6298076923076923 0.1875
4 0.6394230769230769 0.1778846153846154 0.6899038461538461 0.1778846153846154 0.6899038461538461 0.28125 0.6394230769230769 0.28125
4 0.6610576923076923 0.45913461538461536 0.71875 0.45913461538461536 0.71875 0.5600961538461539 0.6610576923076923 0.5600961538461539
4 0.6586538461538461 0.35096153846153844 0.7091346153846154 0.35096153846153844 0.7091346153846154 0.4543269230769231 0.6586538461538461 0.4543269230769231
4 0.5649038461538461 0.5673076923076923 0.6225961538461539 0.5673076923076923 0.6225961538461539 0.6826923076923077 0.5649038461538461 0.6826923076923077
4 0.5889423076923077 0.6923076923076923 0.6442307692307693 0.6923076923076923 0.6442307692307693 0.8076923076923077 0.5889423076923077 0.8076923076923077
4 0.4855769230769231 0.01201923076923077 0.53125 0.01201923076923077 0.53125 0.11057692307692307 0.4855769230769231 0.11057692307692307
4 0.47596153846153844 0.25240384615384615 0.5216346153846154 0.25240384615384615 0.5216346153846154 0.35096153846153844 0.47596153846153844 0.35096153846153844
7 0.31971153846153844 0 0.37740384615384615 0 0.37740384615384615 0.10336538461538461 0.31971153846153844 0.10336538461538461
8 0.10576923076923077 0.2668269230769231 0.1875 0.2668269230769231 0.1875 0.46634615384615385 0.10576923076923077 0.46634615384615385
7 0.09375 0.4206730769230769 0.16105769230769232 0.4206730769230769 0.16105769230769232 0.5576923076923077 0.09375 0.5576923076923077
11 0.12740384615384615 0.18990384615384615 0.20432692307692307 0.18990384615384615 0.20432692307692307 0.36778846153846156 0.12740384615384615 0.36778846153846156
12 0.18269230769230768 0.6802884615384616 0.25721153846153844 0.6802884615384616 0.25721153846153844 0.8221153846153846 0.18269230769230768 0.8221153846153846
12 0.16346153846153846 0 0.22355769230769232 0 0.22355769230769232 0.10576923076923077 0.16346153846153846 0.10576923076923077
9 0.09375 0.5288461538461539 0.17067307692307693 0.5288461538461539 0.17067307692307693 0.6754807692307693 0.09375 0.6754807692307693
9 0.3173076923076923 0.12740384615384615 0.375 0.12740384615384615 0.375 0.2620192307692308 0.3173076923076923 0.2620192307692308
10 0.3918269230769231 0.25 0.4423076923076923 0.25 0.4423076923076923 0.35336538461538464 0.3918269230769231 0.35336538461538464
10 0.3870192307692308 0.08173076923076923 0.43990384615384615 0.08173076923076923 0.43990384615384615 0.18990384615384615 0.3870192307692308 0.18990384615384615
10 0.24519230769230768 0 0.2956730769230769 0 0.2956730769230769 0.10576923076923077 0.24519230769230768 0.10576923076923077
10 0.23798076923076922 0.1658653846153846 0.2860576923076923 0.1658653846153846 0.2860576923076923 0.27163461538461536 0.23798076923076922 0.27163461538461536
10 0.22115384615384615 0.3605769230769231 0.2764423076923077 0.3605769230769231 0.2764423076923077 0.46153846153846156 0.22115384615384615 0.46153846153846156
10 0.2091346153846154 0.46875 0.2644230769230769 0.46875 0.2644230769230769 0.5673076923076923 0.2091346153846154 0.5673076923076923
10 0.20432692307692307 0.5649038461538461 0.25961538461538464 0.5649038461538461 0.25961538461538464 0.6730769230769231 0.20432692307692307 0.6730769230769231
10 0.3870192307692308 0.6850961538461539 0.44471153846153844 0.6850961538461539 0.44471153846153844 0.7932692307692307 0.3870192307692308 0.7932692307692307