12 0.7692307692307693 0.040865384615384616 0.8389423076923077 0.040865384615384616 0.8389423076923077 0.17307692307692307 0.7692307692307693 0.17307692307692307
12 0.7692307692307693 0.040865384615384616 0.8389423076923077 0.040865384615384616 0.8389423076923077 0.17307692307692307 0.7692307692307693 0.17307692307692307
8 0.7956730769230769 0.3173076923076923 0.8870192307692307 0.3173076923076923 0.8870192307692307 0.5456730769230769 0.7956730769230769 0.5456730769230769
11 0.6177884615384616 0.06971153846153846 0.6899038461538461 0.06971153846153846 0.6899038461538461 0.25721153846153844 0.6177884615384616 0.25721153846153844
7 0.7884615384615384 0.09615384615384616 0.8509615384615384 0.09615384615384616 0.8509615384615384 0.25 0.7884615384615384 0.25
7 0.6105769230769231 0.37259615384615385 0.6802884615384616 0.37259615384615385 0.6802884615384616 0.5264423076923077 0.6105769230769231 0.5264423076923077
9 0.7331730769230769 0.7307692307692307 0.8221153846153846 0.7307692307692307 0.8221153846153846 0.9038461538461539 0.7331730769230769 0.9038461538461539
10 0.7043269230769231 0.125 0.7548076923076923 0.125 0.7548076923076923 0.24759615384615385 0.7043269230769231 0.24759615384615385
10 0.7163461538461539 0.30528846153846156 0.7740384615384616 0.30528846153846156 0.7740384615384616 0.4182692307692308 0.7163461538461539 0.4182692307692308
10 0.71875 0.39903846153846156 0.7764423076923077 0.39903846153846156 0.7764423076923077 0.5240384615384616 0.71875 0.5240384615384616
10 0.6153846153846154 0.5264423076923077 0.6802884615384616 0.5264423076923077 0.6802884615384616 0.6490384615384616 0.6153846153846154 0.6490384615384616
2 0.18028846153846154 0.20192307692307693 0.2692307692307692 0.20192307692307693 0.2692307692307692 0.4206730769230769 0.18028846153846154 0.4206730769230769
3 0.5264423076923077 0.7235576923076923 0.6057692307692307 0.7235576923076923 0.6057692307692307 0.8894230769230769 0.5264423076923077 0.8894230769230769
1 0.3701923076923077 0.09615384615384616 0.4230769230769231 0.09615384615384616 0.4230769230769231 0.2403846153846154 0.3701923076923077 0.2403846153846154
3 0.5264423076923077 0.18990384615384615 0.59375 0.18990384615384615 0.59375 0.33413461538461536 0.5264423076923077 0.33413461538461536
6 0.39663461538461536 0.026442307692307692 0.4543269230769231 0.026442307692307692 0.4543269230769231 0.15625 0.39663461538461536 0.15625
6 0.4639423076923077 0.10576923076923077 0.5264423076923077 0.10576923076923077 0.5264423076923077 0.24278846153846154 0.4639423076923077 0.24278846153846154
4 0.5576923076923077 0.13942307692307693 0.6057692307692307 0.13942307692307693 0.6057692307692307 0.25240384615384615 0.5576923076923077 0.25240384615384615
4 0.22355769230769232 0.7355769230769231 0.29086538461538464 0.7355769230769231 0.29086538461538464 0.8581730769230769 0.22355769230769232 0.8581730769230769
4 0.2860576923076923 0.3004807692307692 0.3389423076923077 0.3004807692307692 0.3389423076923077 0.4110576923076923 0.2860576923076923 0.4110576923076923
4 0.36778846153846156 0.49759615384615385 0.4230769230769231 0.49759615384615385 0.4230769230769231 0.6153846153846154 0.36778846153846156 0.6153846153846154
4 0.43028846153846156 0.6225961538461539 0.49038461538461536 0.6225961538461539 0.49038461538461536 0.7451923076923077 0.43028846153846156 0.7451923076923077