12 0.7860576923076923 0.019230769230769232 0.8629807692307693 0.019230769230769232 0.8629807692307693 0.15384615384615385 0.7860576923076923 0.15384615384615385
12 0.7860576923076923 0.019230769230769232 0.8629807692307693 0.019230769230769232 0.8629807692307693 0.15384615384615385 0.7860576923076923 0.15384615384615385
8 0.8197115384615384 0.30288461538461536 0.9182692307692307 0.30288461538461536 0.9182692307692307 0.5408653846153846 0.8197115384615384 0.5408653846153846
11 0.6322115384615384 0.05048076923076923 0.7091346153846154 0.05048076923076923 0.7091346153846154 0.24519230769230768 0.6322115384615384 0.24519230769230768
7 0.8076923076923077 0.07692307692307693 0.875 0.07692307692307693 0.875 0.23317307692307693 0.8076923076923077 0.23317307692307693
7 0.6298076923076923 0.36538461538461536 0.7043269230769231 0.36538461538461536 0.7043269230769231 0.5240384615384616 0.6298076923076923 0.5240384615384616
9 0.7620192307692307 0.7331730769230769 0.8557692307692307 0.7331730769230769 0.8557692307692307 0.9134615384615384 0.7620192307692307 0.9134615384615384
10 0.7211538461538461 0.10576923076923077 0.7740384615384616 0.10576923076923077 0.7740384615384616 0.23557692307692307 0.7211538461538461 0.23557692307692307
10 0.7379807692307693 0.2956730769230769 0.7980769230769231 0.2956730769230769 0.7980769230769231 0.4110576923076923 0.7379807692307693 0.4110576923076923
10 0.7403846153846154 0.3918269230769231 0.8052884615384616 0.3918269230769231 0.8052884615384616 0.5192307692307693 0.7403846153846154 0.5192307692307693
10 0.6370192307692307 0.5240384615384616 0.7067307692307693 0.5240384615384616 0.7067307692307693 0.6514423076923077 0.6370192307692307 0.6514423076923077
2 0.1778846153846154 0.19471153846153846 0.27403846153846156 0.19471153846153846 0.27403846153846156 0.4206730769230769 0.1778846153846154 0.4206730769230769
3 0.5480769230769231 0.7307692307692307 0.6322115384615384 0.7307692307692307 0.6322115384615384 0.9014423076923077 0.5480769230769231 0.9014423076923077
1 0.375 0.08413461538461539 0.4326923076923077 0.08413461538461539 0.4326923076923077 0.23317307692307693 0.375 0.23317307692307693
3 0.5384615384615384 0.1778846153846154 0.6105769230769231 0.1778846153846154 0.6105769230769231 0.3245192307692308 0.5384615384615384 0.3245192307692308
6 0.39903846153846156 0.009615384615384616 0.45913461538461536 0.009615384615384616 0.45913461538461536 0.1466346153846154 0.39903846153846156 0.1466346153846154
6 0.47115384615384615 0.09134615384615384 0.5384615384615384 0.09134615384615384 0.5384615384615384 0.23317307692307693 0.47115384615384615 0.23317307692307693
4 0.5697115384615384 0.125 0.6225961538461539 0.125 0.6225961538461539 0.2403846153846154 0.5697115384615384 0.2403846153846154
4 0.23317307692307693 0.75 0.30528846153846156 0.75 0.30528846153846156 0.875 0.23317307692307693 0.875
4 0.29086538461538464 0.2956730769230769 0.3485576923076923 0.2956730769230769 0.3485576923076923 0.4110576923076923 0.29086538461538464 0.4110576923076923
4 0.37740384615384615 0.5 0.4375 0.5 0.4375 0.6201923076923077 0.37740384615384615 0.6201923076923077
4 0.44471153846153844 0.6298076923076923 0.5096153846153846 0.6298076923076923 0.5096153846153846 0.7548076923076923 0.44471153846153844 0.7548076923076923