8 0.8100961538461539 0.22596153846153846 0.8870192307692307 0.22596153846153846 0.8870192307692307 0.43509615384615385 0.8100961538461539 0.43509615384615385
2 0.15384615384615385 0.24519230769230768 0.23798076923076922 0.24519230769230768 0.23798076923076922 0.44711538461538464 0.15384615384615385 0.44711538461538464
11 0.7932692307692307 0.1466346153846154 0.8653846153846154 0.1466346153846154 0.8653846153846154 0.3293269230769231 0.7932692307692307 0.3293269230769231
5 0.15625 0.18269230769230768 0.23798076923076922 0.18269230769230768 0.23798076923076922 0.3581730769230769 0.15625 0.3581730769230769
9 0.8269230769230769 0.5120192307692307 0.90625 0.5120192307692307 0.90625 0.65625 0.8269230769230769 0.65625
3 0.53125 0.29086538461538464 0.59375 0.29086538461538464 0.59375 0.4375 0.53125 0.4375
3 0.3701923076923077 0.016826923076923076 0.4254807692307692 0.016826923076923076 0.4254807692307692 0.16105769230769232 0.3701923076923077 0.16105769230769232
7 0.8365384615384616 0.3942307692307692 0.9014423076923077 0.3942307692307692 0.9014423076923077 0.5360576923076923 0.8365384615384616 0.5360576923076923
9 0.6105769230769231 0.08173076923076923 0.6658653846153846 0.08173076923076923 0.6658653846153846 0.22596153846153846 0.6105769230769231 0.22596153846153846
12 0.7427884615384616 0.6658653846153846 0.8125 0.6658653846153846 0.8125 0.8076923076923077 0.7427884615384616 0.8076923076923077
7 0.7932692307692307 0.0889423076923077 0.8533653846153846 0.0889423076923077 0.8533653846153846 0.23076923076923078 0.7932692307692307 0.23076923076923078
1 0.20192307692307693 0.10817307692307693 0.25721153846153844 0.10817307692307693 0.25721153846153844 0.24759615384615385 0.20192307692307693 0.24759615384615385
1 0.2548076923076923 0.5360576923076923 0.31971153846153844 0.5360576923076923 0.31971153846153844 0.6754807692307693 0.2548076923076923 0.6754807692307693
1 0.11298076923076923 0.6682692307692307 0.19230769230769232 0.6682692307692307 0.19230769230769232 0.8028846153846154 0.11298076923076923 0.8028846153846154
1 0.20673076923076922 0 0.25961538461538464 0 0.25961538461538464 0.08173076923076923 0.20673076923076922 0.08173076923076923
10 0.5408653846153846 0.6778846153846154 0.5985576923076923 0.6778846153846154 0.5985576923076923 0.7956730769230769 0.5408653846153846 0.7956730769230769
4 0.3557692307692308 0.5480769230769231 0.41346153846153844 0.5480769230769231 0.41346153846153844 0.6634615384615384 0.3557692307692308 0.6634615384615384
4 0.33413461538461536 0.6826923076923077 0.3894230769230769 0.6826923076923077 0.3894230769230769 0.7956730769230769 0.33413461538461536 0.7956730769230769
10 0.7307692307692307 0.4375 0.7932692307692307 0.4375 0.7932692307692307 0.5480769230769231 0.7307692307692307 0.5480769230769231
12 0.7764423076923077 0 0.8293269230769231 0 0.8293269230769231 0.052884615384615384 0.7764423076923077 0.052884615384615384
10 0.7331730769230769 0.5456730769230769 0.7980769230769231 0.5456730769230769 0.7980769230769231 0.65625 0.7331730769230769 0.65625
10 0.7139423076923077 0.3245192307692308 0.7788461538461539 0.3245192307692308 0.7788461538461539 0.4326923076923077 0.7139423076923077 0.4326923076923077
10 0.6947115384615384 0 0.7451923076923077 0 0.7451923076923077 0.0625 0.6947115384615384 0.0625
10 0.7019230769230769 0.12740384615384615 0.7548076923076923 0.12740384615384615 0.7548076923076923 0.23557692307692307 0.7019230769230769 0.23557692307692307
4 0.25721153846153844 0.43990384615384615 0.3125 0.43990384615384615 0.3125 0.5456730769230769 0.25721153846153844 0.5456730769230769
4 0.4567307692307692 0.21153846153846154 0.5072115384615384 0.21153846153846154 0.5072115384615384 0.31971153846153844 0.4567307692307692 0.31971153846153844
4 0.28365384615384615 0.13942307692307693 0.3317307692307692 0.13942307692307693 0.3317307692307692 0.24519230769230768 0.28365384615384615 0.24519230769230768
10 0.5456730769230769 0.04326923076923077 0.59375 0.04326923076923077 0.59375 0.14903846153846154 0.5456730769230769 0.14903846153846154
10 0.7139423076923077 0.22115384615384615 0.7668269230769231 0.22115384615384615 0.7668269230769231 0.3245192307692308 0.7139423076923077 0.3245192307692308
4 0.2932692307692308 0.057692307692307696 0.34134615384615385 0.057692307692307696 0.34134615384615385 0.15625 0.2932692307692308 0.15625
4 0.2980769230769231 0 0.34375 0 0.34375 0.0673076923076923 0.2980769230769231 0.0673076923076923
4 0.2620192307692308 0.32211538461538464 0.3173076923076923 0.32211538461538464 0.3173076923076923 0.4375 0.2620192307692308 0.4375