8 0.13942307692307693 0.2620192307692308 0.2091346153846154 0.2620192307692308 0.2091346153846154 0.45913461538461536 0.13942307692307693 0.45913461538461536
2 0.7572115384615384 0.2620192307692308 0.8317307692307693 0.2620192307692308 0.8317307692307693 0.4543269230769231 0.7572115384615384 0.4543269230769231
11 0.15384615384615385 0.18509615384615385 0.22115384615384615 0.18509615384615385 0.22115384615384615 0.3581730769230769 0.15384615384615385 0.3581730769230769
5 0.7524038461538461 0.20192307692307693 0.8245192307692307 0.20192307692307693 0.8245192307692307 0.36778846153846156 0.7524038461538461 0.36778846153846156
9 0.1346153846153846 0.53125 0.20673076923076922 0.53125 0.20673076923076922 0.6682692307692307 0.1346153846153846 0.6682692307692307
3 0.4182692307692308 0.31490384615384615 0.47596153846153844 0.31490384615384615 0.47596153846153844 0.4519230769230769 0.4182692307692308 0.4519230769230769
3 0.5649038461538461 0.05048076923076923 0.6153846153846154 0.05048076923076923 0.6153846153846154 0.1875 0.5649038461538461 0.1875
7 0.13221153846153846 0.4206730769230769 0.19230769230769232 0.4206730769230769 0.19230769230769232 0.5552884615384616 0.13221153846153846 0.5552884615384616
9 0.3389423076923077 0.1201923076923077 0.3894230769230769 0.1201923076923077 0.3894230769230769 0.2548076923076923 0.3389423076923077 0.2548076923076923
12 0.23076923076923078 0.6730769230769231 0.2932692307692308 0.6730769230769231 0.2932692307692308 0.8076923076923077 0.23076923076923078 0.8076923076923077
7 0.16346153846153846 0.12980769230769232 0.21634615384615385 0.12980769230769232 0.21634615384615385 0.2620192307692308 0.16346153846153846 0.2620192307692308
1 0.7283653846153846 0.13221153846153846 0.7788461538461539 0.13221153846153846 0.7788461538461539 0.2644230769230769 0.7283653846153846 0.2644230769230769
1 0.6875 0.5384615384615384 0.7475961538461539 0.5384615384615384 0.7475961538461539 0.6706730769230769 0.6875 0.6706730769230769
1 0.8173076923076923 0.6610576923076923 0.8918269230769231 0.6610576923076923 0.8918269230769231 0.7884615384615384 0.8173076923076923 0.7884615384615384
1 0.7163461538461539 0 0.7668269230769231 0 0.7668269230769231 0.10336538461538461 0.7163461538461539 0.10336538461538461
10 0.4326923076923077 0.6802884615384616 0.4855769230769231 0.6802884615384616 0.4855769230769231 0.7908653846153846 0.4326923076923077 0.7908653846153846
4 0.6009615384615384 0.5528846153846154 0.65625 0.5528846153846154 0.65625 0.6610576923076923 0.6009615384615384 0.6610576923076923
4 0.6298076923076923 0.6802884615384616 0.6826923076923077 0.6802884615384616 0.6826923076923077 0.7884615384615384 0.6298076923076923 0.7884615384615384
10 0.23557692307692307 0.45913461538461536 0.2956730769230769 0.45913461538461536 0.2956730769230769 0.5649038461538461 0.23557692307692307 0.5649038461538461
12 0.1778846153846154 0 0.2283653846153846 0 0.2283653846153846 0.09615384615384616 0.1778846153846154 0.09615384615384616
10 0.23557692307692307 0.5600961538461539 0.2980769230769231 0.5600961538461539 0.2980769230769231 0.6658653846153846 0.23557692307692307 0.6658653846153846
10 0.24519230769230768 0.35096153846153844 0.30528846153846156 0.35096153846153844 0.30528846153846156 0.4543269230769231 0.24519230769230768 0.4543269230769231
10 0.25961538461538464 0 0.30288461538461536 0 0.30288461538461536 0.0985576923076923 0.25961538461538464 0.0985576923076923
10 0.2548076923076923 0.16346153846153846 0.30528846153846156 0.16346153846153846 0.30528846153846156 0.2644230769230769 0.2548076923076923 0.2644230769230769
4 0.6899038461538461 0.44711538461538464 0.7427884615384616 0.44711538461538464 0.7427884615384616 0.5504807692307693 0.6899038461538461 0.5504807692307693
4 0.4951923076923077 0.23798076923076922 0.5432692307692307 0.23798076923076922 0.5432692307692307 0.3389423076923077 0.4951923076923077 0.3389423076923077
4 0.6586538461538461 0.16346153846153846 0.7019230769230769 0.16346153846153846 0.7019230769230769 0.2644230769230769 0.6586538461538461 0.2644230769230769
10 0.40625 0.07932692307692307 0.4495192307692308 0.07932692307692307 0.4495192307692308 0.18028846153846154 0.40625 0.18028846153846154
10 0.25240384615384615 0.25240384615384615 0.3004807692307692 0.25240384615384615 0.3004807692307692 0.35096153846153844 0.25240384615384615 0.35096153846153844
4 0.6442307692307693 0.08653846153846154 0.6899038461538461 0.08653846153846154 0.6899038461538461 0.18028846153846154 0.6442307692307693 0.18028846153846154
4 0.6394230769230769 0 0.6802884615384616 0 0.6802884615384616 0.09375 0.6394230769230769 0.09375
4 0.6826923076923077 0.33653846153846156 0.7307692307692307 0.33653846153846156 0.7307692307692307 0.44471153846153844 0.6826923076923077 0.44471153846153844