6 0.5576923076923077 0.004807692307692308 0.6153846153846154 0.004807692307692308 0.6153846153846154 0.11778846153846154 0.5576923076923077 0.11778846153846154
6 0.78125 0.6538461538461539 0.8581730769230769 0.6538461538461539 0.8581730769230769 0.7956730769230769 0.78125 0.7956730769230769
2 0.7259615384615384 0.2620192307692308 0.8197115384615384 0.2620192307692308 0.8197115384615384 0.46153846153846156 0.7259615384615384 0.46153846153846156
5 0.5504807692307693 0.20432692307692307 0.625 0.20432692307692307 0.625 0.375 0.5504807692307693 0.375
4 0.6370192307692307 0.08413461538461539 0.6850961538461539 0.08413461538461539 0.6850961538461539 0.18990384615384615 0.6370192307692307 0.18990384615384615
4 0.6490384615384616 0.17067307692307693 0.6947115384615384 0.17067307692307693 0.6947115384615384 0.2764423076923077 0.6490384615384616 0.2764423076923077
4 0.6586538461538461 0.34615384615384615 0.7139423076923077 0.34615384615384615 0.7139423076923077 0.4519230769230769 0.6586538461538461 0.4519230769230769
4 0.6658653846153846 0.4495192307692308 0.71875 0.4495192307692308 0.71875 0.5552884615384616 0.6658653846153846 0.5552884615384616
4 0.4807692307692308 0.24519230769230768 0.53125 0.24519230769230768 0.53125 0.3485576923076923 0.4807692307692308 0.3485576923076923
4 0.49278846153846156 0.01201923076923077 0.5408653846153846 0.01201923076923077 0.5408653846153846 0.11538461538461539 0.49278846153846156 0.11538461538461539
3 0.5600961538461539 0.06009615384615385 0.6105769230769231 0.06009615384615385 0.6105769230769231 0.19230769230769232 0.5600961538461539 0.19230769230769232
3 0.39663461538461536 0.32211538461538464 0.4639423076923077 0.32211538461538464 0.4639423076923077 0.4639423076923077 0.39663461538461536 0.4639423076923077
7 0.1971153846153846 0.6730769230769231 0.2692307692307692 0.6730769230769231 0.2692307692307692 0.8125 0.1971153846153846 0.8125
7 0.10817307692307693 0.4182692307692308 0.1778846153846154 0.4182692307692308 0.1778846153846154 0.5576923076923077 0.10817307692307693 0.5576923076923077
12 0.17067307692307693 0 0.23557692307692307 0 0.23557692307692307 0.10817307692307693 0.17067307692307693 0.10817307692307693
8 0.1201923076923077 0.2620192307692308 0.20192307692307693 0.2620192307692308 0.20192307692307693 0.4639423076923077 0.1201923076923077 0.4639423076923077
11 0.31009615384615385 0.21153846153846154 0.3918269230769231 0.21153846153846154 0.3918269230769231 0.3798076923076923 0.31009615384615385 0.3798076923076923
9 0.3293269230769231 0.12259615384615384 0.3870192307692308 0.12259615384615384 0.3870192307692308 0.25721153846153844 0.3293269230769231 0.25721153846153844
9 0.11057692307692307 0.5288461538461539 0.1875 0.5288461538461539 0.1875 0.6706730769230769 0.11057692307692307 0.6706730769230769
10 0.4014423076923077 0.25 0.4495192307692308 0.25 0.4495192307692308 0.35336538461538464 0.4014423076923077 0.35336538461538464
10 0.2548076923076923 0.002403846153846154 0.3076923076923077 0.002403846153846154 0.3076923076923077 0.10817307692307693 0.2548076923076923 0.10817307692307693
10 0.25240384615384615 0.15865384615384615 0.3076923076923077 0.15865384615384615 0.3076923076923077 0.2692307692307692 0.25240384615384615 0.2692307692307692
10 0.2091346153846154 0.5552884615384616 0.27884615384615385 0.5552884615384616 0.27884615384615385 0.6706730769230769 0.2091346153846154 0.6706730769230769
10 0.3918269230769231 0.6730769230769231 0.4567307692307692 0.6730769230769231 0.4567307692307692 0.7884615384615384 0.3918269230769231 0.7884615384615384