6 0.5721153846153846 0.002403846153846154 0.6298076923076923 0.002403846153846154 0.6298076923076923 0.11778846153846154 0.5721153846153846 0.11778846153846154
6 0.8413461538461539 0.6658653846153846 0.9230769230769231 0.6658653846153846 0.9230769230769231 0.8076923076923077 0.8413461538461539 0.8076923076923077
2 0.7596153846153846 0.2644230769230769 0.8581730769230769 0.2644230769230769 0.8581730769230769 0.46875 0.7596153846153846 0.46875
5 0.5793269230769231 0.20432692307692307 0.6538461538461539 0.20432692307692307 0.6538461538461539 0.38221153846153844 0.5793269230769231 0.38221153846153844
4 0.65625 0.08653846153846154 0.7043269230769231 0.08653846153846154 0.7043269230769231 0.19230769230769232 0.65625 0.19230769230769232
4 0.6730769230769231 0.17307692307692307 0.7211538461538461 0.17307692307692307 0.7211538461538461 0.28125 0.6730769230769231 0.28125
4 0.6971153846153846 0.35096153846153844 0.7524038461538461 0.35096153846153844 0.7524038461538461 0.4567307692307692 0.6971153846153846 0.4567307692307692
4 0.7115384615384616 0.4567307692307692 0.7644230769230769 0.4567307692307692 0.7644230769230769 0.5649038461538461 0.7115384615384616 0.5649038461538461
4 0.5048076923076923 0.24759615384615385 0.5576923076923077 0.24759615384615385 0.5576923076923077 0.35336538461538464 0.5048076923076923 0.35336538461538464
4 0.5048076923076923 0.009615384615384616 0.5528846153846154 0.009615384615384616 0.5528846153846154 0.11538461538461539 0.5048076923076923 0.11538461538461539
3 0.5769230769230769 0.06009615384615385 0.6298076923076923 0.06009615384615385 0.6298076923076923 0.19230769230769232 0.5769230769230769 0.19230769230769232
3 0.42788461538461536 0.3245192307692308 0.4951923076923077 0.3245192307692308 0.4951923076923077 0.46875 0.42788461538461536 0.46875
7 0.24759615384615385 0.6850961538461539 0.31971153846153844 0.6850961538461539 0.31971153846153844 0.8269230769230769 0.24759615384615385 0.8269230769230769
7 0.13701923076923078 0.4254807692307692 0.21153846153846154 0.4254807692307692 0.21153846153846154 0.5649038461538461 0.13701923076923078 0.5649038461538461
12 0.17548076923076922 0 0.24278846153846154 0 0.24278846153846154 0.11057692307692307 0.17548076923076922 0.11057692307692307
8 0.14182692307692307 0.2644230769230769 0.2283653846153846 0.2644230769230769 0.2283653846153846 0.47115384615384615 0.14182692307692307 0.47115384615384615
11 0.3317307692307692 0.21153846153846154 0.41586538461538464 0.21153846153846154 0.41586538461538464 0.38461538461538464 0.3317307692307692 0.38461538461538464
9 0.34615384615384615 0.12259615384615384 0.40384615384615385 0.12259615384615384 0.40384615384615385 0.2620192307692308 0.34615384615384615 0.2620192307692308
9 0.1466346153846154 0.5360576923076923 0.22596153846153846 0.5360576923076923 0.22596153846153846 0.6826923076923077 0.1466346153846154 0.6826923076923077
10 0.42788461538461536 0.25240384615384615 0.47596153846153844 0.25240384615384615 0.47596153846153844 0.3581730769230769 0.42788461538461536 0.3581730769230769
10 0.25961538461538464 0 0.31490384615384615 0 0.31490384615384615 0.10817307692307693 0.25961538461538464 0.10817307692307693
10 0.2692307692307692 0.15865384615384615 0.3245192307692308 0.15865384615384615 0.3245192307692308 0.27163461538461536 0.2692307692307692 0.27163461538461536
10 0.25 0.5649038461538461 0.32211538461538464 0.5649038461538461 0.32211538461538464 0.6826923076923077 0.25 0.6826923076923077
10 0.4423076923076923 0.6826923076923077 0.5120192307692307 0.6826923076923077 0.5120192307692307 0.8028846153846154 0.4423076923076923 0.8028846153846154