2 0.1778846153846154 0.19951923076923078 0.25961538461538464 0.19951923076923078 0.25961538461538464 0.40625 0.1778846153846154 0.40625
6 0.14182692307692307 0.46875 0.21634615384615385 0.46875 0.21634615384615385 0.6057692307692307 0.14182692307692307 0.6057692307692307
6 0.22596153846153846 0.021634615384615384 0.28365384615384615 0.021634615384615384 0.28365384615384615 0.15144230769230768 0.22596153846153846 0.15144230769230768
3 0.3605769230769231 0.27403846153846156 0.4230769230769231 0.27403846153846156 0.4230769230769231 0.4182692307692308 0.3605769230769231 0.4182692307692308
3 0.30528846153846156 0.5889423076923077 0.3798076923076923 0.5889423076923077 0.3798076923076923 0.7451923076923077 0.30528846153846156 0.7451923076923077
4 0.20432692307692307 0.7355769230769231 0.2668269230769231 0.7355769230769231 0.2668269230769231 0.8557692307692307 0.20432692307692307 0.8557692307692307
5 0.43028846153846156 0.34615384615384615 0.5024038461538461 0.34615384615384615 0.5024038461538461 0.5264423076923077 0.43028846153846156 0.5264423076923077
4 0.3870192307692308 0.12259615384615384 0.43990384615384615 0.12259615384615384 0.43990384615384615 0.2403846153846154 0.3870192307692308 0.2403846153846154
4 0.2764423076923077 0.2956730769230769 0.3245192307692308 0.2956730769230769 0.3245192307692308 0.40865384615384615 0.2764423076923077 0.40865384615384615
4 0.3485576923076923 0.4951923076923077 0.40625 0.4951923076923077 0.40625 0.6105769230769231 0.3485576923076923 0.6105769230769231
4 0.41346153846153844 0.625 0.4639423076923077 0.625 0.4639423076923077 0.7403846153846154 0.41346153846153844 0.7403846153846154
4 0.44711538461538464 0.21875 0.5 0.21875 0.5 0.3269230769230769 0.44711538461538464 0.3269230769230769
1 0.31009615384615385 0.01201923076923077 0.36538461538461536 0.01201923076923077 0.36538461538461536 0.15384615384615385 0.31009615384615385 0.15384615384615385
1 0.5961538461538461 0.4807692307692308 0.6610576923076923 0.4807692307692308 0.6610576923076923 0.6346153846153846 0.5961538461538461 0.6346153846153846
11 0.6153846153846154 0.07211538461538461 0.6802884615384616 0.07211538461538461 0.6802884615384616 0.25 0.6153846153846154 0.25
8 0.7836538461538461 0.3245192307692308 0.8725961538461539 0.3245192307692308 0.8725961538461539 0.5336538461538461 0.7836538461538461 0.5336538461538461
9 0.7115384615384616 0.7355769230769231 0.7836538461538461 0.7355769230769231 0.7836538461538461 0.8942307692307693 0.7115384615384616 0.8942307692307693
12 0.7740384615384616 0.038461538461538464 0.8293269230769231 0.038461538461538464 0.8293269230769231 0.16826923076923078 0.7740384615384616 0.16826923076923078
7 0.78125 0.09375 0.8365384615384616 0.09375 0.8365384615384616 0.2403846153846154 0.78125 0.2403846153846154
7 0.8100961538461539 0.6129807692307693 0.8846153846153846 0.6129807692307693 0.8846153846153846 0.7668269230769231 0.8100961538461539 0.7668269230769231
9 0.6057692307692307 0.27163461538461536 0.6730769230769231 0.27163461538461536 0.6730769230769231 0.4182692307692308 0.6057692307692307 0.4182692307692308
10 0.5552884615384616 0.040865384615384616 0.6081730769230769 0.040865384615384616 0.6081730769230769 0.15144230769230768 0.5552884615384616 0.15144230769230768
10 0.5504807692307693 0.19951923076923078 0.6009615384615384 0.19951923076923078 0.6009615384615384 0.31490384615384615 0.5504807692307693 0.31490384615384615
10 0.6947115384615384 0.12740384615384615 0.7475961538461539 0.12740384615384615 0.7475961538461539 0.23798076923076922 0.6947115384615384 0.23798076923076922
10 0.7067307692307693 0.30288461538461536 0.7596153846153846 0.30288461538461536 0.7596153846153846 0.4110576923076923 0.7067307692307693 0.4110576923076923
10 0.7019230769230769 0.4014423076923077 0.7596153846153846 0.4014423076923077 0.7596153846153846 0.5192307692307693 0.7019230769230769 0.5192307692307693
10 0.7091346153846154 0.6298076923076923 0.7668269230769231 0.6298076923076923 0.7668269230769231 0.7475961538461539 0.7091346153846154 0.7475961538461539