1 0.5913461538461539 0.09134615384615384 0.65625 0.09134615384615384 0.65625 0.24519230769230768 0.5913461538461539 0.24519230769230768
2 0.7572115384615384 0.20673076923076922 0.8557692307692307 0.20673076923076922 0.8557692307692307 0.4254807692307692 0.7572115384615384 0.4254807692307692
6 0.5024038461538461 0.18990384615384615 0.5745192307692307 0.18990384615384615 0.5745192307692307 0.32211538461538464 0.5024038461538461 0.32211538461538464
3 0.4206730769230769 0.1875 0.49278846153846156 0.1875 0.49278846153846156 0.3293269230769231 0.4206730769230769 0.3293269230769231
3 0.43509615384615385 0.7283653846153846 0.5216346153846154 0.7283653846153846 0.5216346153846154 0.8990384615384616 0.43509615384615385 0.8990384615384616
4 0.7572115384615384 0.7524038461538461 0.8317307692307693 0.7524038461538461 0.8317307692307693 0.8942307692307693 0.7572115384615384 0.8942307692307693
6 0.5528846153846154 0.019230769230769232 0.6225961538461539 0.019230769230769232 0.6225961538461539 0.15384615384615385 0.5528846153846154 0.15384615384615385
4 0.6850961538461539 0.30288461538461536 0.7475961538461539 0.30288461538461536 0.7475961538461539 0.4206730769230769 0.6850961538461539 0.4206730769230769
4 0.5504807692307693 0.6346153846153846 0.6129807692307693 0.6346153846153846 0.6129807692307693 0.7644230769230769 0.5504807692307693 0.7644230769230769
4 0.6105769230769231 0.5 0.6778846153846154 0.5 0.6778846153846154 0.6298076923076923 0.6105769230769231 0.6298076923076923
4 0.4831730769230769 0.11778846153846154 0.5384615384615384 0.11778846153846154 0.5384615384615384 0.23557692307692307 0.4831730769230769 0.23557692307692307
4 0.40865384615384615 0.1201923076923077 0.46153846153846156 0.1201923076923077 0.46153846153846156 0.24278846153846154 0.40865384615384615 0.24278846153846154
8 0.12740384615384615 0.3076923076923077 0.22355769230769232 0.3076923076923077 0.22355769230769232 0.5264423076923077 0.12740384615384615 0.5264423076923077
11 0.32211538461538464 0.052884615384615384 0.3918269230769231 0.052884615384615384 0.3918269230769231 0.2403846153846154 0.32211538461538464 0.2403846153846154
9 0.21875 0.7331730769230769 0.31009615384615385 0.7331730769230769 0.31009615384615385 0.9014423076923077 0.21875 0.9014423076923077
12 0.1658653846153846 0.014423076923076924 0.23317307692307693 0.014423076923076924 0.23317307692307693 0.1466346153846154 0.1658653846153846 0.1466346153846154
7 0.15625 0.06971153846153846 0.22355769230769232 0.06971153846153846 0.22355769230769232 0.22596153846153846 0.15625 0.22596153846153846
7 0.34375 0.36538461538461536 0.41346153846153844 0.36538461538461536 0.41346153846153844 0.5192307692307693 0.34375 0.5192307692307693
10 0.39663461538461536 0.028846153846153848 0.4519230769230769 0.028846153846153848 0.4519230769230769 0.14423076923076922 0.39663461538461536 0.14423076923076922
10 0.25240384615384615 0.10817307692307693 0.31009615384615385 0.10817307692307693 0.31009615384615385 0.22115384615384615 0.25240384615384615 0.22115384615384615
10 0.24278846153846154 0.28846153846153844 0.30528846153846156 0.28846153846153844 0.30528846153846156 0.40865384615384615 0.24278846153846154 0.40865384615384615
10 0.24519230769230768 0.3870192307692308 0.31009615384615385 0.3870192307692308 0.31009615384615385 0.5144230769230769 0.24519230769230768 0.5144230769230769
10 0.3485576923076923 0.5192307692307693 0.41346153846153844 0.5192307692307693 0.41346153846153844 0.6466346153846154 0.3485576923076923 0.6466346153846154