1 0.5673076923076923 0.07211538461538461 0.6298076923076923 0.07211538461538461 0.6298076923076923 0.21875 0.5673076923076923 0.21875
2 0.7211538461538461 0.1778846153846154 0.8173076923076923 0.1778846153846154 0.8173076923076923 0.3942307692307692 0.7211538461538461 0.3942307692307692
6 0.47596153846153844 0.17307692307692307 0.5456730769230769 0.17307692307692307 0.5456730769230769 0.3004807692307692 0.47596153846153844 0.3004807692307692
3 0.3942307692307692 0.17307692307692307 0.4639423076923077 0.17307692307692307 0.4639423076923077 0.31009615384615385 0.3942307692307692 0.31009615384615385
3 0.37259615384615385 0.7067307692307693 0.4567307692307692 0.7067307692307693 0.4567307692307692 0.8701923076923077 0.37259615384615385 0.8701923076923077
4 0.6899038461538461 0.7163461538461539 0.7620192307692307 0.7163461538461539 0.7620192307692307 0.8557692307692307 0.6899038461538461 0.8557692307692307
6 0.5360576923076923 0 0.6009615384615384 0 0.6009615384615384 0.13221153846153846 0.5360576923076923 0.13221153846153846
4 0.6466346153846154 0.2764423076923077 0.7091346153846154 0.2764423076923077 0.7091346153846154 0.3918269230769231 0.6466346153846154 0.3918269230769231
4 0.49278846153846156 0.6081730769230769 0.5552884615384616 0.6081730769230769 0.5552884615384616 0.7331730769230769 0.49278846153846156 0.7331730769230769
4 0.5600961538461539 0.4735576923076923 0.6274038461538461 0.4735576923076923 0.6274038461538461 0.5985576923076923 0.5600961538461539 0.5985576923076923
4 0.45913461538461536 0.10096153846153846 0.5144230769230769 0.10096153846153846 0.5144230769230769 0.21634615384615385 0.45913461538461536 0.21634615384615385
4 0.38461538461538464 0.10817307692307693 0.43509615384615385 0.10817307692307693 0.43509615384615385 0.22596153846153846 0.38461538461538464 0.22596153846153846
8 0.09375 0.3004807692307692 0.1875 0.3004807692307692 0.1875 0.5168269230769231 0.09375 0.5168269230769231
11 0.30288461538461536 0.04326923076923077 0.37259615384615385 0.04326923076923077 0.37259615384615385 0.22596153846153846 0.30288461538461536 0.22596153846153846
9 0.15865384615384615 0.7163461538461539 0.25 0.7163461538461539 0.25 0.8822115384615384 0.15865384615384615 0.8822115384615384
12 0.15384615384615385 0.01201923076923077 0.21875 0.01201923076923077 0.21875 0.14182692307692307 0.15384615384615385 0.14182692307692307
7 0.13942307692307693 0.06490384615384616 0.20432692307692307 0.06490384615384616 0.20432692307692307 0.21875 0.13942307692307693 0.21875
7 0.30528846153846156 0.35096153846153844 0.37259615384615385 0.35096153846153844 0.37259615384615385 0.5 0.30528846153846156 0.5
10 0.3798076923076923 0.016826923076923076 0.43509615384615385 0.016826923076923076 0.43509615384615385 0.12980769230769232 0.3798076923076923 0.12980769230769232
10 0.23317307692307693 0.10096153846153846 0.28846153846153844 0.10096153846153846 0.28846153846153844 0.21153846153846154 0.23317307692307693 0.21153846153846154
10 0.21394230769230768 0.27884615384615385 0.27163461538461536 0.27884615384615385 0.27163461538461536 0.39663461538461536 0.21394230769230768 0.39663461538461536
10 0.2091346153846154 0.37740384615384615 0.27163461538461536 0.37740384615384615 0.27163461538461536 0.5 0.2091346153846154 0.5
10 0.30288461538461536 0.5024038461538461 0.36538461538461536 0.5024038461538461 0.36538461538461536 0.6274038461538461 0.30288461538461536 0.6274038461538461