5 0.7548076923076923 0.1971153846153846 0.8269230769230769 0.1971153846153846 0.8269230769230769 0.3557692307692308 0.7548076923076923 0.3557692307692308
2 0.7572115384615384 0.2548076923076923 0.8317307692307693 0.2548076923076923 0.8317307692307693 0.44711538461538464 0.7572115384615384 0.44711538461538464
1 0.7860576923076923 0.4110576923076923 0.8461538461538461 0.4110576923076923 0.8461538461538461 0.5456730769230769 0.7860576923076923 0.5456730769230769
1 0.7379807692307693 0.12740384615384615 0.7884615384615384 0.12740384615384615 0.7884615384615384 0.25721153846153844 0.7379807692307693 0.25721153846153844
3 0.7235576923076923 0.06009615384615385 0.7836538461538461 0.06009615384615385 0.7836538461538461 0.17307692307692307 0.7235576923076923 0.17307692307692307
3 0.7932692307692307 0.5384615384615384 0.8701923076923077 0.5384615384615384 0.8701923076923077 0.6610576923076923 0.7932692307692307 0.6610576923076923
6 0.7283653846153846 0 0.7764423076923077 0 0.7764423076923077 0.09615384615384616 0.7283653846153846 0.09615384615384616
6 0.8100961538461539 0.6586538461538461 0.8798076923076923 0.6586538461538461 0.8798076923076923 0.7884615384615384 0.8100961538461539 0.7884615384615384
4 0.7139423076923077 0.6754807692307693 0.7692307692307693 0.6754807692307693 0.7692307692307693 0.7788461538461539 0.7139423076923077 0.7788461538461539
4 0.7019230769230769 0.5504807692307693 0.7548076923076923 0.5504807692307693 0.7548076923076923 0.65625 0.7019230769230769 0.65625
4 0.6923076923076923 0.44711538461538464 0.7379807692307693 0.44711538461538464 0.7379807692307693 0.5456730769230769 0.6923076923076923 0.5456730769230769
4 0.6802884615384616 0.3389423076923077 0.7283653846153846 0.3389423076923077 0.7283653846153846 0.43990384615384615 0.6802884615384616 0.43990384615384615
4 0.6682692307692307 0.24519230769230768 0.7163461538461539 0.24519230769230768 0.7163461538461539 0.3389423076923077 0.6682692307692307 0.3389423076923077
4 0.6610576923076923 0.15865384615384615 0.7043269230769231 0.15865384615384615 0.7043269230769231 0.25961538461538464 0.6610576923076923 0.25961538461538464
4 0.6514423076923077 0.08173076923076923 0.6947115384615384 0.08173076923076923 0.6947115384615384 0.17067307692307693 0.6514423076923077 0.17067307692307693
4 0.6490384615384616 0 0.6899038461538461 0 0.6899038461538461 0.0889423076923077 0.6490384615384616 0.0889423076923077
11 0.15625 0.18509615384615385 0.22115384615384615 0.18509615384615385 0.22115384615384615 0.3557692307692308 0.15625 0.3557692307692308
8 0.13701923076923078 0.25961538461538464 0.20432692307692307 0.25961538461538464 0.20432692307692307 0.4543269230769231 0.13701923076923078 0.4543269230769231
7 0.1658653846153846 0.12740384615384615 0.21634615384615385 0.12740384615384615 0.21634615384615385 0.2620192307692308 0.1658653846153846 0.2620192307692308
7 0.12740384615384615 0.4182692307692308 0.18509615384615385 0.4182692307692308 0.18509615384615385 0.5528846153846154 0.12740384615384615 0.5528846153846154
9 0.18269230769230768 0.05048076923076923 0.23557692307692307 0.05048076923076923 0.23557692307692307 0.1778846153846154 0.18269230769230768 0.1778846153846154
9 0.125 0.5288461538461539 0.19471153846153846 0.5288461538461539 0.19471153846153846 0.6730769230769231 0.125 0.6730769230769231
12 0.10096153846153846 0.6802884615384616 0.1658653846153846 0.6802884615384616 0.1658653846153846 0.8173076923076923 0.10096153846153846 0.8173076923076923
12 0.1875 0 0.23557692307692307 0 0.23557692307692307 0.09375 0.1875 0.09375
10 0.2692307692307692 0 0.31009615384615385 0 0.31009615384615385 0.09134615384615384 0.2692307692307692 0.09134615384615384
10 0.2644230769230769 0.07932692307692307 0.3076923076923077 0.07932692307692307 0.3076923076923077 0.17067307692307693 0.2644230769230769 0.17067307692307693
10 0.25961538461538464 0.16346153846153846 0.30288461538461536 0.16346153846153846 0.30288461538461536 0.2644230769230769 0.25961538461538464 0.2644230769230769
10 0.25 0.24759615384615385 0.3004807692307692 0.24759615384615385 0.3004807692307692 0.3485576923076923 0.25 0.3485576923076923
10 0.25 0.35096153846153844 0.3004807692307692 0.35096153846153844 0.3004807692307692 0.4543269230769231 0.25 0.4543269230769231
10 0.23076923076923078 0.4567307692307692 0.28846153846153844 0.4567307692307692 0.28846153846153844 0.5625 0.23076923076923078 0.5625
10 0.23317307692307693 0.5600961538461539 0.2860576923076923 0.5600961538461539 0.2860576923076923 0.6682692307692307 0.23317307692307693 0.6682692307692307
10 0.21634615384615385 0.6850961538461539 0.27403846153846156 0.6850961538461539 0.27403846153846156 0.7932692307692307 0.21634615384615385 0.7932692307692307