6 0.8533653846153846 0.6706730769230769 0.9399038461538461 0.6706730769230769 0.9399038461538461 0.8341346153846154 0.8533653846153846 0.8341346153846154
4 0.5288461538461539 0 0.5889423076923077 0 0.5889423076923077 0.0889423076923077 0.5288461538461539 0.0889423076923077
2 0.7980769230769231 0.25240384615384615 0.8918269230769231 0.25240384615384615 0.8918269230769231 0.47596153846153844 0.7980769230769231 0.47596153846153844
5 0.6033653846153846 0.18269230769230768 0.6778846153846154 0.18269230769230768 0.6778846153846154 0.37740384615384615 0.6033653846153846 0.37740384615384615
4 0.7163461538461539 0.3485576923076923 0.78125 0.3485576923076923 0.78125 0.4567307692307692 0.7163461538461539 0.4567307692307692
4 0.6947115384615384 0.15865384615384615 0.7548076923076923 0.15865384615384615 0.7548076923076923 0.2668269230769231 0.6947115384615384 0.2668269230769231
4 0.6875 0.06490384615384616 0.7403846153846154 0.06490384615384616 0.7403846153846154 0.1778846153846154 0.6875 0.1778846153846154
4 0.5288461538461539 0.23317307692307693 0.5793269230769231 0.23317307692307693 0.5793269230769231 0.3485576923076923 0.5288461538461539 0.3485576923076923
4 0.6370192307692307 0.45913461538461536 0.6995192307692307 0.45913461538461536 0.6995192307692307 0.5817307692307693 0.6370192307692307 0.5817307692307693
3 0.42788461538461536 0.31490384615384615 0.5072115384615384 0.31490384615384615 0.5072115384615384 0.46875 0.42788461538461536 0.46875
7 0.4326923076923077 0.5360576923076923 0.5072115384615384 0.5360576923076923 0.5072115384615384 0.6947115384615384 0.4326923076923077 0.6947115384615384
11 0.3485576923076923 0.1778846153846154 0.4206730769230769 0.1778846153846154 0.4206730769230769 0.38221153846153844 0.3485576923076923 0.38221153846153844
9 0.5144230769230769 0.03365384615384615 0.5793269230769231 0.03365384615384615 0.5793269230769231 0.19230769230769232 0.5144230769230769 0.19230769230769232
9 0.12740384615384615 0.5360576923076923 0.21394230769230768 0.5360576923076923 0.21394230769230768 0.6971153846153846 0.12740384615384615 0.6971153846153846
8 0.1346153846153846 0.25 0.22355769230769232 0.25 0.22355769230769232 0.46634615384615385 0.1346153846153846 0.46634615384615385
12 0.18269230769230768 0 0.25721153846153844 0 0.25721153846153844 0.0889423076923077 0.18269230769230768 0.0889423076923077
12 0.22355769230769232 0.6899038461538461 0.3076923076923077 0.6899038461538461 0.3076923076923077 0.8413461538461539 0.22355769230769232 0.8413461538461539
10 0.24278846153846154 0.5673076923076923 0.3076923076923077 0.5673076923076923 0.3076923076923077 0.6923076923076923 0.24278846153846154 0.6923076923076923
10 0.43990384615384615 0.23317307692307693 0.49759615384615385 0.23317307692307693 0.49759615384615385 0.3485576923076923 0.43990384615384615 0.3485576923076923
10 0.27884615384615385 0 0.33413461538461536 0 0.33413461538461536 0.08413461538461539 0.27884615384615385 0.08413461538461539
10 0.2764423076923077 0.15144230769230768 0.33413461538461536 0.15144230769230768 0.33413461538461536 0.25721153846153844 0.2764423076923077 0.25721153846153844
10 0.4423076923076923 0.6923076923076923 0.5120192307692307 0.6923076923076923 0.5120192307692307 0.8221153846153846 0.4423076923076923 0.8221153846153846