6 0.8245192307692307 0.6322115384615384 0.9038461538461539 0.6322115384615384 0.9038461538461539 0.7908653846153846 0.8245192307692307 0.7908653846153846
4 0.5024038461538461 0 0.5552884615384616 0 0.5552884615384616 0.08413461538461539 0.5024038461538461 0.08413461538461539
2 0.7644230769230769 0.23317307692307693 0.8533653846153846 0.23317307692307693 0.8533653846153846 0.4495192307692308 0.7644230769230769 0.4495192307692308
5 0.5745192307692307 0.17067307692307693 0.6442307692307693 0.17067307692307693 0.6442307692307693 0.3581730769230769 0.5745192307692307 0.3581730769230769
4 0.6850961538461539 0.3269230769230769 0.7475961538461539 0.3269230769230769 0.7475961538461539 0.4326923076923077 0.6850961538461539 0.4326923076923077
4 0.6610576923076923 0.14903846153846154 0.7211538461538461 0.14903846153846154 0.7211538461538461 0.25240384615384615 0.6610576923076923 0.25240384615384615
4 0.6538461538461539 0.057692307692307696 0.7043269230769231 0.057692307692307696 0.7043269230769231 0.1658653846153846 0.6538461538461539 0.1658653846153846
4 0.5048076923076923 0.22115384615384615 0.5528846153846154 0.22115384615384615 0.5528846153846154 0.33413461538461536 0.5048076923076923 0.33413461538461536
4 0.6129807692307693 0.43509615384615385 0.6706730769230769 0.43509615384615385 0.6706730769230769 0.5552884615384616 0.6129807692307693 0.5552884615384616
3 0.4110576923076923 0.30288461538461536 0.4855769230769231 0.30288461538461536 0.4855769230769231 0.4495192307692308 0.4110576923076923 0.4495192307692308
7 0.4182692307692308 0.5120192307692307 0.4879807692307692 0.5120192307692307 0.4879807692307692 0.6658653846153846 0.4182692307692308 0.6658653846153846
11 0.3317307692307692 0.17307692307692307 0.4014423076923077 0.17307692307692307 0.4014423076923077 0.36778846153846156 0.3317307692307692 0.36778846153846156
9 0.4879807692307692 0.03125 0.5480769230769231 0.03125 0.5480769230769231 0.18509615384615385 0.4879807692307692 0.18509615384615385
9 0.12740384615384615 0.5192307692307693 0.20673076923076922 0.5192307692307693 0.20673076923076922 0.6754807692307693 0.12740384615384615 0.6754807692307693
8 0.12980769230769232 0.24519230769230768 0.21153846153846154 0.24519230769230768 0.21153846153846154 0.4567307692307692 0.12980769230769232 0.4567307692307692
12 0.17067307692307693 0 0.23798076923076922 0 0.23798076923076922 0.09134615384615384 0.17067307692307693 0.09134615384615384
12 0.22115384615384615 0.6658653846153846 0.3004807692307692 0.6658653846153846 0.3004807692307692 0.8100961538461539 0.22115384615384615 0.8100961538461539
10 0.23557692307692307 0.5480769230769231 0.2980769230769231 0.5480769230769231 0.2980769230769231 0.6682692307692307 0.23557692307692307 0.6682692307692307
10 0.4182692307692308 0.22355769230769232 0.4735576923076923 0.22355769230769232 0.4735576923076923 0.33653846153846156 0.4182692307692308 0.33653846153846156
10 0.25961538461538464 0 0.3125 0 0.3125 0.08653846153846154 0.25961538461538464 0.08653846153846154
10 0.2620192307692308 0.14903846153846154 0.3173076923076923 0.14903846153846154 0.3173076923076923 0.25240384615384615 0.2620192307692308 0.25240384615384615
10 0.43028846153846156 0.6610576923076923 0.4951923076923077 0.6610576923076923 0.4951923076923077 0.7884615384615384 0.43028846153846156 0.7884615384615384