5 0.19471153846153846 0.17307692307692307 0.2620192307692308 0.17307692307692307 0.2620192307692308 0.3293269230769231 0.19471153846153846 0.3293269230769231
2 0.18028846153846154 0.23798076923076922 0.27163461538461536 0.23798076923076922 0.27163461538461536 0.4375 0.18028846153846154 0.4375
1 0.22355769230769232 0.10336538461538461 0.28365384615384615 0.10336538461538461 0.28365384615384615 0.24278846153846154 0.22355769230769232 0.24278846153846154
1 0.18509615384615385 0.40865384615384615 0.2548076923076923 0.40865384615384615 0.2548076923076923 0.5480769230769231 0.18509615384615385 0.5480769230769231
6 0.23557692307692307 0.02403846153846154 0.3004807692307692 0.02403846153846154 0.3004807692307692 0.14903846153846154 0.23557692307692307 0.14903846153846154
6 0.15865384615384615 0.5240384615384616 0.2403846153846154 0.5240384615384616 0.2403846153846154 0.6682692307692307 0.15865384615384615 0.6682692307692307
6 0.24278846153846154 0.007211538461538462 0.2956730769230769 0.007211538461538462 0.2956730769230769 0.07211538461538461 0.24278846153846154 0.07211538461538461
6 0.1466346153846154 0.6610576923076923 0.23317307692307693 0.6610576923076923 0.23317307692307693 0.8028846153846154 0.1466346153846154 0.8028846153846154
4 0.33653846153846156 0.009615384615384616 0.38221153846153844 0.009615384615384616 0.38221153846153844 0.0673076923076923 0.33653846153846156 0.0673076923076923
4 0.3317307692307692 0.04807692307692308 0.3798076923076923 0.04807692307692308 0.3798076923076923 0.14903846153846154 0.3317307692307692 0.14903846153846154
4 0.32211538461538464 0.1346153846153846 0.375 0.1346153846153846 0.375 0.23798076923076922 0.32211538461538464 0.23798076923076922
4 0.31490384615384615 0.21394230769230768 0.36778846153846156 0.21394230769230768 0.36778846153846156 0.3293269230769231 0.31490384615384615 0.3293269230769231
4 0.30528846153846156 0.3173076923076923 0.35336538461538464 0.3173076923076923 0.35336538461538464 0.43028846153846156 0.30528846153846156 0.43028846153846156
4 0.2932692307692308 0.4254807692307692 0.34615384615384615 0.4254807692307692 0.34615384615384615 0.5432692307692307 0.2932692307692308 0.5432692307692307
4 0.28125 0.5456730769230769 0.33413461538461536 0.5456730769230769 0.33413461538461536 0.6634615384615384 0.28125 0.6634615384615384
4 0.2668269230769231 0.6706730769230769 0.3293269230769231 0.6706730769230769 0.3293269230769231 0.7980769230769231 0.2668269230769231 0.7980769230769231
11 0.8365384615384616 0.17067307692307693 0.9134615384615384 0.17067307692307693 0.9134615384615384 0.35096153846153844 0.8365384615384616 0.35096153846153844
8 0.8509615384615384 0.24759615384615385 0.9326923076923077 0.24759615384615385 0.9326923076923077 0.4567307692307692 0.8509615384615384 0.4567307692307692
7 0.8365384615384616 0.10817307692307693 0.8966346153846154 0.10817307692307693 0.8966346153846154 0.25 0.8365384615384616 0.25
7 0.8798076923076923 0.40865384615384615 0.9495192307692307 0.40865384615384615 0.9495192307692307 0.5600961538461539 0.8798076923076923 0.5600961538461539
9 0.8245192307692307 0.03365384615384615 0.8870192307692307 0.03365384615384615 0.8870192307692307 0.16346153846153846 0.8245192307692307 0.16346153846153846
9 0.8822115384615384 0.5552884615384616 0.9615384615384616 0.5552884615384616 0.9615384615384616 0.7043269230769231 0.8822115384615384 0.7043269230769231
12 0.9014423076923077 0.6875 0.9783653846153846 0.6875 0.9783653846153846 0.8413461538461539 0.9014423076923077 0.8413461538461539
12 0.8149038461538461 0.02403846153846154 0.875 0.02403846153846154 0.875 0.07692307692307693 0.8149038461538461 0.07692307692307693
10 0.7403846153846154 0.021634615384615384 0.7932692307692307 0.021634615384615384 0.7932692307692307 0.0673076923076923 0.7403846153846154 0.0673076923076923
10 0.7403846153846154 0.055288461538461536 0.7956730769230769 0.055288461538461536 0.7956730769230769 0.15625 0.7403846153846154 0.15625
10 0.7451923076923077 0.14423076923076922 0.8004807692307693 0.14423076923076922 0.8004807692307693 0.25 0.7451923076923077 0.25
10 0.7524038461538461 0.23557692307692307 0.8173076923076923 0.23557692307692307 0.8173076923076923 0.34375 0.7524038461538461 0.34375
10 0.7548076923076923 0.34375 0.8221153846153846 0.34375 0.8221153846153846 0.4567307692307692 0.7548076923076923 0.4567307692307692
10 0.7716346153846154 0.4567307692307692 0.8365384615384616 0.4567307692307692 0.8365384615384616 0.5625 0.7716346153846154 0.5625
10 0.7740384615384616 0.5625 0.84375 0.5625 0.84375 0.6802884615384616 0.7740384615384616 0.6802884615384616
10 0.7908653846153846 0.6971153846153846 0.8605769230769231 0.6971153846153846 0.8605769230769231 0.8100961538461539 0.7908653846153846 0.8100961538461539