10 0.7139423076923077 0.09375 0.7596153846153846 0.09375 0.7596153846153846 0.19471153846153846 0.7139423076923077 0.19471153846153846
4 0.27163461538461536 0.2644230769230769 0.31971153846153844 0.2644230769230769 0.31971153846153844 0.3701923076923077 0.27163461538461536 0.3701923076923077
2 0.16105769230769232 0.15384615384615385 0.24278846153846154 0.15384615384615385 0.24278846153846154 0.375 0.16105769230769232 0.375
4 0.4567307692307692 0.18269230769230768 0.5048076923076923 0.18269230769230768 0.5048076923076923 0.28365384615384615 0.4567307692307692 0.28365384615384615
10 0.7115384615384616 0.02403846153846154 0.7740384615384616 0.02403846153846154 0.7740384615384616 0.12980769230769232 0.7115384615384616 0.12980769230769232
4 0.3894230769230769 0.08653846153846154 0.4423076923076923 0.08653846153846154 0.4423076923076923 0.19471153846153846 0.3894230769230769 0.19471153846153846
1 0.21153846153846154 0.05048076923076923 0.27403846153846156 0.05048076923076923 0.27403846153846156 0.1875 0.21153846153846154 0.1875
11 0.6947115384615384 0.1201923076923077 0.7740384615384616 0.1201923076923077 0.7740384615384616 0.25961538461538464 0.6947115384615384 0.25961538461538464
10 0.7043269230769231 0.25240384615384615 0.7692307692307693 0.25240384615384615 0.7692307692307693 0.3870192307692308 0.7043269230769231 0.3870192307692308
4 0.30528846153846156 0.01201923076923077 0.35336538461538464 0.01201923076923077 0.35336538461538464 0.10336538461538461 0.30528846153846156 0.10336538461538461
10 0.5600961538461539 0.1658653846153846 0.6105769230769231 0.1658653846153846 0.6105769230769231 0.28365384615384615 0.5600961538461539 0.28365384615384615
8 0.8149038461538461 0.31009615384615385 0.8942307692307693 0.31009615384615385 0.8942307692307693 0.5048076923076923 0.8149038461538461 0.5048076923076923
7 0.7932692307692307 0.06490384615384616 0.8677884615384616 0.06490384615384616 0.8677884615384616 0.22596153846153846 0.7932692307692307 0.22596153846153846
3 0.4423076923076923 0.25240384615384615 0.5096153846153846 0.25240384615384615 0.5096153846153846 0.3918269230769231 0.4423076923076923 0.3918269230769231
12 0.7884615384615384 0.026442307692307692 0.8629807692307693 0.026442307692307692 0.8629807692307693 0.16105769230769232 0.7884615384615384 0.16105769230769232
10 0.5216346153846154 0.4951923076923077 0.5889423076923077 0.4951923076923077 0.5889423076923077 0.6153846153846154 0.5216346153846154 0.6153846153846154
3 0.35096153846153844 0.23076923076923078 0.41586538461538464 0.23076923076923078 0.41586538461538464 0.38221153846153844 0.35096153846153844 0.38221153846153844
5 0.22355769230769232 0.31971153846153844 0.30528846153846156 0.31971153846153844 0.30528846153846156 0.49038461538461536 0.22355769230769232 0.49038461538461536
4 0.39663461538461536 0.6009615384615384 0.46153846153846156 0.6009615384615384 0.46153846153846156 0.7163461538461539 0.39663461538461536 0.7163461538461539
10 0.7235576923076923 0.6201923076923077 0.78125 0.6201923076923077 0.78125 0.7355769230769231 0.7235576923076923 0.7355769230769231
6 0.23076923076923078 0.009615384615384616 0.29086538461538464 0.009615384615384616 0.29086538461538464 0.09375 0.23076923076923078 0.09375
4 0.3485576923076923 0.4735576923076923 0.4110576923076923 0.4735576923076923 0.4110576923076923 0.5985576923076923 0.3485576923076923 0.5985576923076923
6 0.06490384615384616 0.6995192307692307 0.1466346153846154 0.6995192307692307 0.1466346153846154 0.8557692307692307 0.06490384615384616 0.8557692307692307
7 0.8341346153846154 0.5985576923076923 0.9110576923076923 0.5985576923076923 0.9110576923076923 0.7524038461538461 0.8341346153846154 0.7524038461538461
3 0.10576923076923077 0.4543269230769231 0.19471153846153846 0.4543269230769231 0.19471153846153846 0.5889423076923077 0.10576923076923077 0.5889423076923077
9 0.8125 0.47115384615384615 0.8918269230769231 0.47115384615384615 0.8918269230769231 0.6322115384615384 0.8125 0.6322115384615384
9 0.6177884615384616 0.23557692307692307 0.6875 0.23557692307692307 0.6875 0.3894230769230769 0.6177884615384616 0.3894230769230769
10 0.7091346153846154 0.35336538461538464 0.7788461538461539 0.35336538461538464 0.7788461538461539 0.49278846153846156 0.7091346153846154 0.49278846153846156
4 0.42788461538461536 0.3798076923076923 0.4879807692307692 0.3798076923076923 0.4879807692307692 0.5 0.42788461538461536 0.5
10 0.5096153846153846 0.7307692307692307 0.5793269230769231 0.7307692307692307 0.5793269230769231 0.8605769230769231 0.5096153846153846 0.8605769230769231
12 0.6033653846153846 0.71875 0.6802884615384616 0.71875 0.6802884615384616 0.875 0.6033653846153846 0.875
4 0.18509615384615385 0.71875 0.24759615384615385 0.71875 0.24759615384615385 0.8413461538461539 0.18509615384615385 0.8413461538461539