10 0.6826923076923077 0.10817307692307693 0.7283653846153846 0.10817307692307693 0.7283653846153846 0.20673076923076922 0.6826923076923077 0.20673076923076922
4 0.23798076923076922 0.2932692307692308 0.2860576923076923 0.2932692307692308 0.2860576923076923 0.39903846153846156 0.23798076923076922 0.39903846153846156
2 0.12740384615384615 0.18509615384615385 0.2091346153846154 0.18509615384615385 0.2091346153846154 0.40625 0.12740384615384615 0.40625
4 0.4254807692307692 0.20673076923076922 0.47115384615384615 0.20673076923076922 0.47115384615384615 0.30288461538461536 0.4254807692307692 0.30288461538461536
10 0.6826923076923077 0.028846153846153848 0.7427884615384616 0.028846153846153848 0.7427884615384616 0.13942307692307693 0.6826923076923077 0.13942307692307693
4 0.3557692307692308 0.11298076923076923 0.40865384615384615 0.11298076923076923 0.40865384615384615 0.21634615384615385 0.3557692307692308 0.21634615384615385
1 0.18028846153846154 0.08173076923076923 0.24278846153846154 0.08173076923076923 0.24278846153846154 0.21875 0.18028846153846154 0.21875
11 0.6634615384615384 0.1346153846153846 0.7403846153846154 0.1346153846153846 0.7403846153846154 0.27163461538461536 0.6634615384615384 0.27163461538461536
10 0.6706730769230769 0.2668269230769231 0.7355769230769231 0.2668269230769231 0.7355769230769231 0.39903846153846156 0.6706730769230769 0.39903846153846156
4 0.27403846153846156 0.03365384615384615 0.32211538461538464 0.03365384615384615 0.32211538461538464 0.12980769230769232 0.27403846153846156 0.12980769230769232
10 0.5264423076923077 0.18509615384615385 0.5769230769230769 0.18509615384615385 0.5769230769230769 0.3004807692307692 0.5264423076923077 0.3004807692307692
8 0.7788461538461539 0.31971153846153844 0.8605769230769231 0.31971153846153844 0.8605769230769231 0.5120192307692307 0.7788461538461539 0.5120192307692307
7 0.7620192307692307 0.07451923076923077 0.8365384615384616 0.07451923076923077 0.8365384615384616 0.23557692307692307 0.7620192307692307 0.23557692307692307
3 0.40625 0.2764423076923077 0.47596153846153844 0.2764423076923077 0.47596153846153844 0.4110576923076923 0.40625 0.4110576923076923
12 0.7572115384615384 0.009615384615384616 0.8317307692307693 0.009615384615384616 0.8317307692307693 0.1658653846153846 0.7572115384615384 0.1658653846153846
10 0.4879807692307692 0.5144230769230769 0.5552884615384616 0.5144230769230769 0.5552884615384616 0.6346153846153846 0.4879807692307692 0.6346153846153846
3 0.3173076923076923 0.25721153846153844 0.38221153846153844 0.25721153846153844 0.38221153846153844 0.40625 0.3173076923076923 0.40625
5 0.18990384615384615 0.35096153846153844 0.27163461538461536 0.35096153846153844 0.27163461538461536 0.5168269230769231 0.18990384615384615 0.5168269230769231
4 0.3629807692307692 0.625 0.42788461538461536 0.625 0.42788461538461536 0.7379807692307693 0.3629807692307692 0.7379807692307693
10 0.6875 0.6346153846153846 0.7451923076923077 0.6346153846153846 0.7451923076923077 0.7451923076923077 0.6875 0.7451923076923077
6 0.19951923076923078 0.016826923076923076 0.25961538461538464 0.016826923076923076 0.25961538461538464 0.12259615384615384 0.19951923076923078 0.12259615384615384
4 0.3125 0.49759615384615385 0.375 0.49759615384615385 0.375 0.6225961538461539 0.3125 0.6225961538461539
6 0.028846153846153848 0.7355769230769231 0.11057692307692307 0.7355769230769231 0.11057692307692307 0.8894230769230769 0.028846153846153848 0.8894230769230769
7 0.7980769230769231 0.6081730769230769 0.8774038461538461 0.6081730769230769 0.8774038461538461 0.7596153846153846 0.7980769230769231 0.7596153846153846
3 0.06971153846153846 0.49038461538461536 0.16105769230769232 0.49038461538461536 0.16105769230769232 0.6225961538461539 0.06971153846153846 0.6225961538461539
9 0.7788461538461539 0.4807692307692308 0.8581730769230769 0.4807692307692308 0.8581730769230769 0.6394230769230769 0.7788461538461539 0.6394230769230769
9 0.5865384615384616 0.25240384615384615 0.6538461538461539 0.25240384615384615 0.6538461538461539 0.40384615384615385 0.5865384615384616 0.40384615384615385
10 0.6754807692307693 0.36778846153846156 0.7451923076923077 0.36778846153846156 0.7451923076923077 0.5024038461538461 0.6754807692307693 0.5024038461538461
4 0.3942307692307692 0.40384615384615385 0.4543269230769231 0.40384615384615385 0.4543269230769231 0.5216346153846154 0.3942307692307692 0.5216346153846154
10 0.4735576923076923 0.75 0.5432692307692307 0.75 0.5432692307692307 0.8774038461538461 0.4735576923076923 0.8774038461538461
12 0.5673076923076923 0.7355769230769231 0.6466346153846154 0.7355769230769231 0.6466346153846154 0.8894230769230769 0.5673076923076923 0.8894230769230769
4 0.14903846153846154 0.75 0.21153846153846154 0.75 0.21153846153846154 0.8701923076923077 0.14903846153846154 0.8701923076923077