6 0.22596153846153846 0.014423076923076924 0.2860576923076923 0.014423076923076924 0.2860576923076923 0.13942307692307693 0.22596153846153846 0.13942307692307693
6 0.08653846153846154 0.7139423076923077 0.1658653846153846 0.7139423076923077 0.1658653846153846 0.8533653846153846 0.08653846153846154 0.8533653846153846
2 0.17307692307692307 0.19230769230769232 0.25 0.19230769230769232 0.25 0.3942307692307692 0.17307692307692307 0.3942307692307692
5 0.23798076923076922 0.32211538461538464 0.31009615384615385 0.32211538461538464 0.31009615384615385 0.49278846153846156 0.23798076923076922 0.49278846153846156
4 0.27884615384615385 0.2860576923076923 0.3245192307692308 0.2860576923076923 0.3245192307692308 0.3942307692307692 0.27884615384615385 0.3942307692307692
4 0.20432692307692307 0.7283653846153846 0.2620192307692308 0.7283653846153846 0.2620192307692308 0.8413461538461539 0.20432692307692307 0.8413461538461539
3 0.125 0.47836538461538464 0.19951923076923078 0.47836538461538464 0.19951923076923078 0.6081730769230769 0.125 0.6081730769230769
3 0.3485576923076923 0.2668269230769231 0.40865384615384615 0.2668269230769231 0.40865384615384615 0.40865384615384615 0.3485576923076923 0.40865384615384615
1 0.3076923076923077 0.004807692307692308 0.36538461538461536 0.004807692307692308 0.36538461538461536 0.1466346153846154 0.3076923076923077 0.1466346153846154
1 0.43990384615384615 0.2620192307692308 0.5024038461538461 0.2620192307692308 0.5024038461538461 0.40384615384615385 0.43990384615384615 0.40384615384615385
4 0.46153846153846156 0.03365384615384615 0.5072115384615384 0.03365384615384615 0.5072115384615384 0.13701923076923078 0.46153846153846156 0.13701923076923078
4 0.3894230769230769 0.1201923076923077 0.43509615384615385 0.1201923076923077 0.43509615384615385 0.22355769230769232 0.3894230769230769 0.22355769230769232
4 0.4495192307692308 0.21153846153846154 0.5 0.21153846153846154 0.5 0.3173076923076923 0.4495192307692308 0.3173076923076923
4 0.42788461538461536 0.3918269230769231 0.47596153846153844 0.3918269230769231 0.47596153846153844 0.5 0.42788461538461536 0.5
4 0.3581730769230769 0.49038461538461536 0.40865384615384615 0.49038461538461536 0.40865384615384615 0.6057692307692307 0.3581730769230769 0.6057692307692307
4 0.40865384615384615 0.6129807692307693 0.46634615384615385 0.6129807692307693 0.46634615384615385 0.7307692307692307 0.40865384615384615 0.7307692307692307
9 0.6081730769230769 0.2620192307692308 0.6706730769230769 0.2620192307692308 0.6706730769230769 0.4014423076923077 0.6081730769230769 0.4014423076923077
9 0.7908653846153846 0.4879807692307692 0.8701923076923077 0.4879807692307692 0.8701923076923077 0.6225961538461539 0.7908653846153846 0.6225961538461539
8 0.7884615384615384 0.3173076923076923 0.8653846153846154 0.3173076923076923 0.8653846153846154 0.5144230769230769 0.7884615384615384 0.5144230769230769
7 0.8100961538461539 0.6057692307692307 0.8798076923076923 0.6057692307692307 0.8798076923076923 0.7475961538461539 0.8100961538461539 0.7475961538461539
7 0.7788461538461539 0.08413461538461539 0.8389423076923077 0.08413461538461539 0.8389423076923077 0.22355769230769232 0.7788461538461539 0.22355769230769232
12 0.7740384615384616 0.03125 0.8245192307692307 0.03125 0.8245192307692307 0.15625 0.7740384615384616 0.15625
12 0.6009615384615384 0.7163461538461539 0.6706730769230769 0.7163461538461539 0.6706730769230769 0.8581730769230769 0.6009615384615384 0.8581730769230769
10 0.7115384615384616 0.6225961538461539 0.7668269230769231 0.6225961538461539 0.7668269230769231 0.7331730769230769 0.7115384615384616 0.7331730769230769
10 0.7019230769230769 0.3918269230769231 0.7596153846153846 0.3918269230769231 0.7596153846153846 0.4951923076923077 0.7019230769230769 0.4951923076923077
10 0.7019230769230769 0.2932692307692308 0.7572115384615384 0.2932692307692308 0.7572115384615384 0.39663461538461536 0.7019230769230769 0.39663461538461536
11 0.6826923076923077 0.13942307692307693 0.7572115384615384 0.13942307692307693 0.7572115384615384 0.3076923076923077 0.6826923076923077 0.3076923076923077
10 0.6971153846153846 0.11538461538461539 0.7403846153846154 0.11538461538461539 0.7403846153846154 0.21153846153846154 0.6971153846153846 0.21153846153846154
10 0.5576923076923077 0.03365384615384615 0.6033653846153846 0.03365384615384615 0.6033653846153846 0.13701923076923078 0.5576923076923077 0.13701923076923078
10 0.5504807692307693 0.19230769230769232 0.5985576923076923 0.19230769230769232 0.5985576923076923 0.2956730769230769 0.5504807692307693 0.2956730769230769
10 0.5288461538461539 0.5072115384615384 0.5817307692307693 0.5072115384615384 0.5817307692307693 0.6201923076923077 0.5288461538461539 0.6201923076923077
10 0.5024038461538461 0.7379807692307693 0.5625 0.7379807692307693 0.5625 0.8533653846153846 0.5024038461538461 0.8533653846153846