2 0.7091346153846154 0.2283653846153846 0.7980769230769231 0.2283653846153846 0.7980769230769231 0.44711538461538464 0.7091346153846154 0.44711538461538464
3 0.5360576923076923 0.2956730769230769 0.5985576923076923 0.2956730769230769 0.5985576923076923 0.4519230769230769 0.5360576923076923 0.4519230769230769
3 0.35336538461538464 0.7548076923076923 0.43028846153846156 0.7548076923076923 0.43028846153846156 0.9302884615384616 0.35336538461538464 0.9302884615384616
6 0.5168269230769231 0.026442307692307692 0.5793269230769231 0.026442307692307692 0.5793269230769231 0.1658653846153846 0.5168269230769231 0.1658653846153846
6 0.4543269230769231 0.39903846153846156 0.5216346153846154 0.39903846153846156 0.5216346153846154 0.5480769230769231 0.4543269230769231 0.5480769230769231
4 0.6802884615384616 0.7860576923076923 0.75 0.7860576923076923 0.75 0.9182692307692307 0.6802884615384616 0.9182692307692307
4 0.6322115384615384 0.31971153846153844 0.6923076923076923 0.31971153846153844 0.6923076923076923 0.43990384615384615 0.6322115384615384 0.43990384615384615
4 0.5480769230769231 0.5264423076923077 0.6057692307692307 0.5264423076923077 0.6057692307692307 0.6514423076923077 0.5480769230769231 0.6514423076923077
4 0.47115384615384615 0.6586538461538461 0.5360576923076923 0.6586538461538461 0.5360576923076923 0.7836538461538461 0.47115384615384615 0.7836538461538461
4 0.4543269230769231 0.23557692307692307 0.5144230769230769 0.23557692307692307 0.5144230769230769 0.3485576923076923 0.4543269230769231 0.3485576923076923
4 0.4326923076923077 0.1346153846153846 0.49038461538461536 0.1346153846153846 0.49038461538461536 0.25240384615384615 0.4326923076923077 0.25240384615384615
1 0.5456730769230769 0.10096153846153846 0.6057692307692307 0.10096153846153846 0.6057692307692307 0.2620192307692308 0.5456730769230769 0.2620192307692308
1 0.2668269230769231 0.5 0.34375 0.5 0.34375 0.6634615384615384 0.2668269230769231 0.6634615384615384
11 0.27403846153846156 0.0673076923076923 0.34134615384615385 0.0673076923076923 0.34134615384615385 0.25721153846153844 0.27403846153846156 0.25721153846153844
9 0.13221153846153846 0.7596153846153846 0.21394230769230768 0.7596153846153846 0.21394230769230768 0.9350961538461539 0.13221153846153846 0.9350961538461539
9 0.27163461538461536 0.27884615384615385 0.3389423076923077 0.27884615384615385 0.3389423076923077 0.4254807692307692 0.27163461538461536 0.4254807692307692
7 0.27884615384615385 0.3894230769230769 0.34375 0.3894230769230769 0.34375 0.5408653846153846 0.27884615384615385 0.5408653846153846
7 0.09375 0.08413461538461539 0.17067307692307693 0.08413461538461539 0.17067307692307693 0.23798076923076922 0.09375 0.23798076923076922
12 0.11538461538461539 0.03365384615384615 0.18028846153846154 0.03365384615384615 0.18028846153846154 0.1658653846153846 0.11538461538461539 0.1658653846153846
8 0.06009615384615385 0.3245192307692308 0.14903846153846154 0.3245192307692308 0.14903846153846154 0.5432692307692307 0.06009615384615385 0.5432692307692307
10 0.3485576923076923 0.038461538461538464 0.40384615384615385 0.038461538461538464 0.40384615384615385 0.15625 0.3485576923076923 0.15625
10 0.19951923076923078 0.125 0.25721153846153844 0.125 0.25721153846153844 0.23798076923076922 0.19951923076923078 0.23798076923076922
10 0.18028846153846154 0.31009615384615385 0.23798076923076922 0.31009615384615385 0.23798076923076922 0.4182692307692308 0.18028846153846154 0.4182692307692308
10 0.17548076923076922 0.40865384615384615 0.23557692307692307 0.40865384615384615 0.23557692307692307 0.5288461538461539 0.17548076923076922 0.5288461538461539
10 0.15625 0.6538461538461539 0.22115384615384615 0.6538461538461539 0.22115384615384615 0.7788461538461539 0.15625 0.7788461538461539