1 0.6923076923076923 0.5817307692307693 0.7716346153846154 0.5817307692307693 0.7716346153846154 0.7259615384615384 0.6923076923076923 0.7259615384615384
2 0.7644230769230769 0.2860576923076923 0.8557692307692307 0.2860576923076923 0.8557692307692307 0.5 0.7644230769230769 0.5
5 0.5721153846153846 0.21634615384615385 0.6418269230769231 0.21634615384615385 0.6418269230769231 0.40625 0.5721153846153846 0.40625
6 0.8269230769230769 0.7091346153846154 0.9182692307692307 0.7091346153846154 0.9182692307692307 0.8533653846153846 0.8269230769230769 0.8533653846153846
6 0.5600961538461539 0.007211538461538462 0.6153846153846154 0.007211538461538462 0.6153846153846154 0.13221153846153846 0.5600961538461539 0.13221153846153846
4 0.6442307692307693 0.0985576923076923 0.6947115384615384 0.0985576923076923 0.6947115384615384 0.21153846153846154 0.6442307692307693 0.21153846153846154
4 0.6586538461538461 0.1875 0.7139423076923077 0.1875 0.7139423076923077 0.2980769230769231 0.6586538461538461 0.2980769230769231
4 0.6850961538461539 0.37259615384615385 0.7475961538461539 0.37259615384615385 0.7475961538461539 0.4879807692307692 0.6850961538461539 0.4879807692307692
4 0.6971153846153846 0.4807692307692308 0.7572115384615384 0.4807692307692308 0.7572115384615384 0.5985576923076923 0.6971153846153846 0.5985576923076923
4 0.6298076923076923 0.7235576923076923 0.6947115384615384 0.7235576923076923 0.6947115384615384 0.8509615384615384 0.6298076923076923 0.8509615384615384
4 0.4879807692307692 0.01201923076923077 0.5384615384615384 0.01201923076923077 0.5384615384615384 0.12980769230769232 0.4879807692307692 0.12980769230769232
4 0.4951923076923077 0.2644230769230769 0.5480769230769231 0.2644230769230769 0.5480769230769231 0.375 0.4951923076923077 0.375
3 0.5625 0.06971153846153846 0.6225961538461539 0.06971153846153846 0.6225961538461539 0.21394230769230768 0.5625 0.21394230769230768
3 0.4110576923076923 0.34134615384615385 0.47596153846153844 0.34134615384615385 0.47596153846153844 0.4951923076923077 0.4110576923076923 0.4951923076923077
11 0.31971153846153844 0.22115384615384615 0.3942307692307692 0.22115384615384615 0.3942307692307692 0.40384615384615385 0.31971153846153844 0.40384615384615385
12 0.21634615384615385 0.7115384615384616 0.29086538461538464 0.7115384615384616 0.29086538461538464 0.8509615384615384 0.21634615384615385 0.8509615384615384
12 0.1466346153846154 0.002403846153846154 0.21634615384615385 0.002403846153846154 0.21634615384615385 0.11538461538461539 0.1466346153846154 0.11538461538461539
8 0.11298076923076923 0.27884615384615385 0.1971153846153846 0.27884615384615385 0.1971153846153846 0.4831730769230769 0.11298076923076923 0.4831730769230769
7 0.10817307692307693 0.43990384615384615 0.18028846153846154 0.43990384615384615 0.18028846153846154 0.5865384615384616 0.10817307692307693 0.5865384615384616
9 0.3245192307692308 0.13221153846153846 0.38461538461538464 0.13221153846153846 0.38461538461538464 0.2692307692307692 0.3245192307692308 0.2692307692307692
9 0.11057692307692307 0.5600961538461539 0.19471153846153846 0.5600961538461539 0.19471153846153846 0.7115384615384616 0.11057692307692307 0.7115384615384616
10 0.40625 0.2620192307692308 0.46153846153846156 0.2620192307692308 0.46153846153846156 0.375 0.40625 0.375
10 0.23798076923076922 0.004807692307692308 0.2932692307692308 0.004807692307692308 0.2932692307692308 0.11538461538461539 0.23798076923076922 0.11538461538461539
10 0.24519230769230768 0.17307692307692307 0.3004807692307692 0.17307692307692307 0.3004807692307692 0.28365384615384615 0.24519230769230768 0.28365384615384615
10 0.23076923076923078 0.375 0.2980769230769231 0.375 0.2980769230769231 0.4855769230769231 0.23076923076923078 0.4855769230769231
10 0.22596153846153846 0.4855769230769231 0.28846153846153844 0.4855769230769231 0.28846153846153844 0.5961538461538461 0.22596153846153846 0.5961538461538461
10 0.22596153846153846 0.5913461538461539 0.29086538461538464 0.5913461538461539 0.29086538461538464 0.7091346153846154 0.22596153846153846 0.7091346153846154
10 0.43028846153846156 0.71875 0.49278846153846156 0.71875 0.49278846153846156 0.8461538461538461 0.43028846153846156 0.8461538461538461