1 0.6802884615384616 0.5625 0.7548076923076923 0.5625 0.7548076923076923 0.7043269230769231 0.6802884615384616 0.7043269230769231
2 0.7524038461538461 0.2764423076923077 0.8389423076923077 0.2764423076923077 0.8389423076923077 0.4855769230769231 0.7524038461538461 0.4855769230769231
5 0.5673076923076923 0.20432692307692307 0.6322115384615384 0.20432692307692307 0.6322115384615384 0.3918269230769231 0.5673076923076923 0.3918269230769231
6 0.8076923076923077 0.6899038461538461 0.8966346153846154 0.6899038461538461 0.8966346153846154 0.8317307692307693 0.8076923076923077 0.8317307692307693
6 0.5625 0.019230769230769232 0.6129807692307693 0.019230769230769232 0.6129807692307693 0.125 0.5625 0.125
4 0.6418269230769231 0.09134615384615384 0.6899038461538461 0.09134615384615384 0.6899038461538461 0.20192307692307693 0.6418269230769231 0.20192307692307693
4 0.6538461538461539 0.1778846153846154 0.7043269230769231 0.1778846153846154 0.7043269230769231 0.2860576923076923 0.6538461538461539 0.2860576923076923
4 0.6778846153846154 0.3581730769230769 0.7355769230769231 0.3581730769230769 0.7355769230769231 0.47115384615384615 0.6778846153846154 0.47115384615384615
4 0.6875 0.46634615384615385 0.7427884615384616 0.46634615384615385 0.7427884615384616 0.5793269230769231 0.6875 0.5793269230769231
4 0.6177884615384616 0.6995192307692307 0.6778846153846154 0.6995192307692307 0.6778846153846154 0.8245192307692307 0.6177884615384616 0.8245192307692307
4 0.49038461538461536 0.016826923076923076 0.5384615384615384 0.016826923076923076 0.5384615384615384 0.1201923076923077 0.49038461538461536 0.1201923076923077
4 0.49278846153846156 0.24759615384615385 0.5432692307692307 0.24759615384615385 0.5432692307692307 0.3581730769230769 0.49278846153846156 0.3581730769230769
3 0.5600961538461539 0.0625 0.6177884615384616 0.0625 0.6177884615384616 0.20432692307692307 0.5600961538461539 0.20432692307692307
3 0.4110576923076923 0.32211538461538464 0.47115384615384615 0.32211538461538464 0.47115384615384615 0.4735576923076923 0.4110576923076923 0.4735576923076923
11 0.32211538461538464 0.20192307692307693 0.3918269230769231 0.20192307692307693 0.3918269230769231 0.3798076923076923 0.32211538461538464 0.3798076923076923
12 0.21394230769230768 0.6778846153846154 0.28365384615384615 0.6778846153846154 0.28365384615384615 0.8149038461538461 0.21394230769230768 0.8149038461538461
12 0.16105769230769232 0.004807692307692308 0.22355769230769232 0.004807692307692308 0.22355769230769232 0.09615384615384616 0.16105769230769232 0.09615384615384616
8 0.1201923076923077 0.2548076923076923 0.19951923076923078 0.2548076923076923 0.19951923076923078 0.4567307692307692 0.1201923076923077 0.4567307692307692
7 0.11298076923076923 0.4110576923076923 0.18028846153846154 0.4110576923076923 0.18028846153846154 0.5552884615384616 0.11298076923076923 0.5552884615384616
9 0.3293269230769231 0.11778846153846154 0.3870192307692308 0.11778846153846154 0.3870192307692308 0.25240384615384615 0.3293269230769231 0.25240384615384615
9 0.11538461538461539 0.5264423076923077 0.19230769230769232 0.5264423076923077 0.19230769230769232 0.6778846153846154 0.11538461538461539 0.6778846153846154
10 0.40865384615384615 0.24519230769230768 0.45913461538461536 0.24519230769230768 0.45913461538461536 0.3557692307692308 0.40865384615384615 0.3557692307692308
10 0.24759615384615385 0.009615384615384616 0.3004807692307692 0.009615384615384616 0.3004807692307692 0.0985576923076923 0.24759615384615385 0.0985576923076923
10 0.25240384615384615 0.15384615384615385 0.30528846153846156 0.15384615384615385 0.30528846153846156 0.2620192307692308 0.25240384615384615 0.2620192307692308
10 0.23317307692307693 0.35096153846153844 0.2956730769230769 0.35096153846153844 0.2956730769230769 0.46153846153846156 0.23317307692307693 0.46153846153846156
10 0.2283653846153846 0.4567307692307692 0.2860576923076923 0.4567307692307692 0.2860576923076923 0.5673076923076923 0.2283653846153846 0.5673076923076923
10 0.2283653846153846 0.5625 0.28846153846153844 0.5625 0.28846153846153844 0.6778846153846154 0.2283653846153846 0.6778846153846154
10 0.4230769230769231 0.6899038461538461 0.4807692307692308 0.6899038461538461 0.4807692307692308 0.8149038461538461 0.4230769230769231 0.8149038461538461