1 0.37259615384615385 0.08653846153846154 0.43028846153846156 0.08653846153846154 0.43028846153846156 0.23557692307692307 0.37259615384615385 0.23557692307692307
2 0.1875 0.20432692307692307 0.27403846153846156 0.20432692307692307 0.27403846153846156 0.40384615384615385 0.1875 0.40384615384615385
3 0.7331730769230769 0.5769230769230769 0.8076923076923077 0.5769230769230769 0.8076923076923077 0.7355769230769231 0.7331730769230769 0.7355769230769231
3 0.6201923076923077 0.3701923076923077 0.6923076923076923 0.3701923076923077 0.6923076923076923 0.5216346153846154 0.6201923076923077 0.5216346153846154
4 0.23798076923076922 0.7379807692307693 0.30288461538461536 0.7379807692307693 0.30288461538461536 0.8581730769230769 0.23798076923076922 0.8581730769230769
4 0.28846153846153844 0.2932692307692308 0.34375 0.2932692307692308 0.34375 0.40865384615384615 0.28846153846153844 0.40865384615384615
4 0.37259615384615385 0.4879807692307692 0.42788461538461536 0.4879807692307692 0.42788461538461536 0.6057692307692307 0.37259615384615385 0.6057692307692307
4 0.4375 0.6153846153846154 0.5024038461538461 0.6153846153846154 0.5024038461538461 0.7403846153846154 0.4375 0.7403846153846154
6 0.39903846153846156 0.019230769230769232 0.4543269230769231 0.019230769230769232 0.4543269230769231 0.14903846153846154 0.39903846153846156 0.14903846153846154
6 0.4639423076923077 0.28846153846153844 0.5240384615384616 0.28846153846153844 0.5240384615384616 0.41586538461538464 0.4639423076923077 0.41586538461538464
12 0.7740384615384616 0.036057692307692304 0.8341346153846154 0.036057692307692304 0.8341346153846154 0.16346153846153846 0.7740384615384616 0.16346153846153846
4 0.5552884615384616 0.1346153846153846 0.6081730769230769 0.1346153846153846 0.6081730769230769 0.24759615384615385 0.5552884615384616 0.24759615384615385
8 0.7932692307692307 0.21875 0.8822115384615384 0.21875 0.8822115384615384 0.4230769230769231 0.7932692307692307 0.4230769230769231
9 0.7355769230769231 0.7283653846153846 0.8245192307692307 0.7283653846153846 0.8245192307692307 0.8870192307692307 0.7355769230769231 0.8870192307692307
7 0.78125 0.07692307692307693 0.8509615384615384 0.07692307692307693 0.8509615384615384 0.23798076923076922 0.78125 0.23798076923076922
11 0.6177884615384616 0.0625 0.6875 0.0625 0.6875 0.25 0.6177884615384616 0.25
10 0.7019230769230769 0.12259615384615384 0.7548076923076923 0.12259615384615384 0.7548076923076923 0.23317307692307693 0.7019230769230769 0.23317307692307693
10 0.71875 0.2956730769230769 0.7764423076923077 0.2956730769230769 0.7764423076923077 0.4110576923076923 0.71875 0.4110576923076923
10 0.7163461538461539 0.3918269230769231 0.7788461538461539 0.3918269230769231 0.7788461538461539 0.5072115384615384 0.7163461538461539 0.5072115384615384
10 0.625 0.5168269230769231 0.6850961538461539 0.5168269230769231 0.6850961538461539 0.6346153846153846 0.625 0.6346153846153846