1 0.5673076923076923 0.09134615384615384 0.625 0.09134615384615384 0.625 0.24759615384615385 0.5673076923076923 0.24759615384615385
2 0.7403846153846154 0.21875 0.8293269230769231 0.21875 0.8293269230769231 0.43028846153846156 0.7403846153846154 0.43028846153846156
3 0.18509615384615385 0.59375 0.2620192307692308 0.59375 0.2620192307692308 0.7644230769230769 0.18509615384615385 0.7644230769230769
3 0.3004807692307692 0.3798076923076923 0.375 0.3798076923076923 0.375 0.5408653846153846 0.3004807692307692 0.5408653846153846
4 0.7283653846153846 0.7836538461538461 0.7932692307692307 0.7836538461538461 0.7932692307692307 0.9110576923076923 0.7283653846153846 0.9110576923076923
4 0.6658653846153846 0.31009615384615385 0.7259615384615384 0.31009615384615385 0.7259615384615384 0.4326923076923077 0.6658653846153846 0.4326923076923077
4 0.5865384615384616 0.5144230769230769 0.6442307692307693 0.5144230769230769 0.6442307692307693 0.6394230769230769 0.5865384615384616 0.6394230769230769
4 0.5120192307692307 0.6490384615384616 0.5769230769230769 0.6490384615384616 0.5769230769230769 0.78125 0.5120192307692307 0.78125
6 0.5408653846153846 0.014423076923076924 0.5961538461538461 0.014423076923076924 0.5961538461538461 0.15384615384615385 0.5408653846153846 0.15384615384615385
6 0.47596153846153844 0.2980769230769231 0.5384615384615384 0.2980769230769231 0.5384615384615384 0.43509615384615385 0.47596153846153844 0.43509615384615385
12 0.13701923076923078 0.019230769230769232 0.1971153846153846 0.019230769230769232 0.1971153846153846 0.15384615384615385 0.13701923076923078 0.15384615384615385
4 0.3798076923076923 0.13221153846153846 0.4326923076923077 0.13221153846153846 0.4326923076923077 0.25240384615384615 0.3798076923076923 0.25240384615384615
8 0.09375 0.21153846153846154 0.18509615384615385 0.21153846153846154 0.18509615384615385 0.43028846153846156 0.09375 0.43028846153846156
9 0.17307692307692307 0.7548076923076923 0.2644230769230769 0.7548076923076923 0.2644230769230769 0.9230769230769231 0.17307692307692307 0.9230769230769231
7 0.1201923076923077 0.0625 0.19230769230769232 0.0625 0.19230769230769232 0.23317307692307693 0.1201923076923077 0.23317307692307693
11 0.2956730769230769 0.052884615384615384 0.36538461538461536 0.052884615384615384 0.36538461538461536 0.25240384615384615 0.2956730769230769 0.25240384615384615
10 0.22355769230769232 0.11298076923076923 0.27884615384615385 0.11298076923076923 0.27884615384615385 0.23076923076923078 0.22355769230769232 0.23076923076923078
10 0.20673076923076922 0.2956730769230769 0.2668269230769231 0.2956730769230769 0.2668269230769231 0.4182692307692308 0.20673076923076922 0.4182692307692308
10 0.20673076923076922 0.4014423076923077 0.27163461538461536 0.4014423076923077 0.27163461538461536 0.5216346153846154 0.20673076923076922 0.5216346153846154
10 0.3125 0.5360576923076923 0.375 0.5360576923076923 0.375 0.6610576923076923 0.3125 0.6610576923076923