2 0.18509615384615385 0.1875 0.2764423076923077 0.1875 0.2764423076923077 0.39903846153846156 0.18509615384615385 0.39903846153846156
6 0.2283653846153846 0.01201923076923077 0.29086538461538464 0.01201923076923077 0.29086538461538464 0.13942307692307693 0.2283653846153846 0.13942307692307693
6 0.16105769230769232 0.46153846153846156 0.2403846153846154 0.46153846153846156 0.2403846153846154 0.5961538461538461 0.16105769230769232 0.5961538461538461
1 0.3389423076923077 0.5793269230769231 0.41346153846153844 0.5793269230769231 0.41346153846153844 0.7403846153846154 0.3389423076923077 0.7403846153846154
1 0.375 0.25961538461538464 0.43990384615384615 0.25961538461538464 0.43990384615384615 0.40384615384615385 0.375 0.40384615384615385
5 0.4495192307692308 0.3317307692307692 0.5216346153846154 0.3317307692307692 0.5216346153846154 0.5168269230769231 0.4495192307692308 0.5168269230769231
4 0.4639423076923077 0.20673076923076922 0.5120192307692307 0.20673076923076922 0.5120192307692307 0.3173076923076923 0.4639423076923077 0.3173076923076923
4 0.2403846153846154 0.7235576923076923 0.30528846153846156 0.7235576923076923 0.30528846153846156 0.8461538461538461 0.2403846153846154 0.8461538461538461
4 0.29086538461538464 0.28125 0.34615384615384615 0.28125 0.34615384615384615 0.39663461538461536 0.29086538461538464 0.39663461538461536
4 0.37259615384615385 0.4831730769230769 0.43509615384615385 0.4831730769230769 0.43509615384615385 0.6009615384615384 0.37259615384615385 0.6009615384615384
4 0.4423076923076923 0.6129807692307693 0.5048076923076923 0.6129807692307693 0.5048076923076923 0.7307692307692307 0.4423076923076923 0.7307692307692307
4 0.4807692307692308 0.11778846153846154 0.5384615384615384 0.11778846153846154 0.5384615384615384 0.22355769230769232 0.4807692307692308 0.22355769230769232
1 0.3629807692307692 0.07692307692307693 0.4326923076923077 0.07692307692307693 0.4326923076923077 0.2283653846153846 0.3629807692307692 0.2283653846153846
1 0.6177884615384616 0.47115384615384615 0.6923076923076923 0.47115384615384615 0.6923076923076923 0.6153846153846154 0.6177884615384616 0.6153846153846154
11 0.6177884615384616 0.055288461538461536 0.6899038461538461 0.055288461538461536 0.6899038461538461 0.23798076923076922 0.6177884615384616 0.23798076923076922
12 0.7692307692307693 0.026442307692307692 0.8341346153846154 0.026442307692307692 0.8341346153846154 0.14903846153846154 0.7692307692307693 0.14903846153846154
9 0.7427884615384616 0.7259615384615384 0.8293269230769231 0.7259615384615384 0.8293269230769231 0.8798076923076923 0.7427884615384616 0.8798076923076923
9 0.6225961538461539 0.25961538461538464 0.6875 0.25961538461538464 0.6875 0.39663461538461536 0.6225961538461539 0.39663461538461536
7 0.6225961538461539 0.3629807692307692 0.6826923076923077 0.3629807692307692 0.6826923076923077 0.49759615384615385 0.6225961538461539 0.49759615384615385
7 0.7836538461538461 0.08173076923076923 0.8461538461538461 0.08173076923076923 0.8461538461538461 0.22355769230769232 0.7836538461538461 0.22355769230769232
8 0.8004807692307693 0.31009615384615385 0.8918269230769231 0.31009615384615385 0.8918269230769231 0.5216346153846154 0.8004807692307693 0.5216346153846154
10 0.5576923076923077 0.028846153846153848 0.6057692307692307 0.028846153846153848 0.6057692307692307 0.14182692307692307 0.5576923076923077 0.14182692307692307
10 0.5576923076923077 0.18990384615384615 0.6129807692307693 0.18990384615384615 0.6129807692307693 0.30528846153846156 0.5576923076923077 0.30528846153846156
10 0.6995192307692307 0.11298076923076923 0.7548076923076923 0.11298076923076923 0.7548076923076923 0.22355769230769232 0.6995192307692307 0.22355769230769232
10 0.71875 0.28365384615384615 0.7764423076923077 0.28365384615384615 0.7764423076923077 0.39903846153846156 0.71875 0.39903846153846156
10 0.7235576923076923 0.38461538461538464 0.78125 0.38461538461538464 0.78125 0.5024038461538461 0.7235576923076923 0.5024038461538461
10 0.7379807692307693 0.6153846153846154 0.8004807692307693 0.6153846153846154 0.8004807692307693 0.7379807692307693 0.7379807692307693 0.7379807692307693