7 0.78125 0.10096153846153846 0.8509615384615384 0.10096153846153846 0.8509615384615384 0.24278846153846154 0.78125 0.24278846153846154
7 0.6081730769230769 0.375 0.6634615384615384 0.375 0.6634615384615384 0.5096153846153846 0.6081730769230769 0.5096153846153846
9 0.7091346153846154 0.7307692307692307 0.7884615384615384 0.7307692307692307 0.7884615384615384 0.8918269230769231 0.7091346153846154 0.8918269230769231
9 0.6105769230769231 0.27403846153846156 0.6754807692307693 0.27403846153846156 0.6754807692307693 0.4110576923076923 0.6105769230769231 0.4110576923076923
11 0.6201923076923077 0.07211538461538461 0.6899038461538461 0.07211538461538461 0.6899038461538461 0.25 0.6201923076923077 0.25
8 0.7908653846153846 0.3293269230769231 0.875 0.3293269230769231 0.875 0.5336538461538461 0.7908653846153846 0.5336538461538461
12 0.7764423076923077 0.04567307692307692 0.8389423076923077 0.04567307692307692 0.8389423076923077 0.17548076923076922 0.7764423076923077 0.17548076923076922
10 0.5625 0.040865384615384616 0.6129807692307693 0.040865384615384616 0.6129807692307693 0.15144230769230768 0.5625 0.15144230769230768
10 0.7067307692307693 0.6322115384615384 0.7668269230769231 0.6322115384615384 0.7668269230769231 0.7475961538461539 0.7067307692307693 0.7475961538461539
10 0.7019230769230769 0.40384615384615385 0.7644230769230769 0.40384615384615385 0.7644230769230769 0.5144230769230769 0.7019230769230769 0.5144230769230769
10 0.7067307692307693 0.30288461538461536 0.7644230769230769 0.30288461538461536 0.7644230769230769 0.41346153846153844 0.7067307692307693 0.41346153846153844
10 0.6995192307692307 0.125 0.7524038461538461 0.125 0.7524038461538461 0.2403846153846154 0.6995192307692307 0.2403846153846154
1 0.3701923076923077 0.09375 0.42788461538461536 0.09375 0.42788461538461536 0.24519230769230768 0.3701923076923077 0.24519230769230768
1 0.6009615384615384 0.4855769230769231 0.6610576923076923 0.4855769230769231 0.6610576923076923 0.6322115384615384 0.6009615384615384 0.6322115384615384
3 0.5048076923076923 0.7211538461538461 0.5745192307692307 0.7211538461538461 0.5745192307692307 0.8774038461538461 0.5048076923076923 0.8774038461538461
3 0.36538461538461536 0.27403846153846156 0.43028846153846156 0.27403846153846156 0.43028846153846156 0.4182692307692308 0.36538461538461536 0.4182692307692308
2 0.18028846153846154 0.1971153846153846 0.2668269230769231 0.1971153846153846 0.2668269230769231 0.39903846153846156 0.18028846153846154 0.39903846153846156
6 0.4014423076923077 0.026442307692307692 0.4567307692307692 0.026442307692307692 0.4567307692307692 0.15144230769230768 0.4014423076923077 0.15144230769230768
6 0.16105769230769232 0.375 0.23557692307692307 0.375 0.23557692307692307 0.5096153846153846 0.16105769230769232 0.5096153846153846
4 0.20192307692307693 0.7355769230769231 0.2692307692307692 0.7355769230769231 0.2692307692307692 0.8533653846153846 0.20192307692307693 0.8533653846153846
4 0.28125 0.2932692307692308 0.3317307692307692 0.2932692307692308 0.3317307692307692 0.40384615384615385 0.28125 0.40384615384615385
4 0.4855769230769231 0.13221153846153846 0.5336538461538461 0.13221153846153846 0.5336538461538461 0.23557692307692307 0.4855769230769231 0.23557692307692307
4 0.4567307692307692 0.22115384615384615 0.5024038461538461 0.22115384615384615 0.5024038461538461 0.3293269230769231 0.4567307692307692 0.3293269230769231
4 0.35096153846153844 0.49038461538461536 0.40625 0.49038461538461536 0.40625 0.6081730769230769 0.35096153846153844 0.6081730769230769
4 0.41346153846153844 0.625 0.46875 0.625 0.46875 0.7403846153846154 0.41346153846153844 0.7403846153846154