7 0.8052884615384616 0.04567307692307692 0.8774038461538461 0.04567307692307692 0.8774038461538461 0.19471153846153846 0.8052884615384616 0.19471153846153846
7 0.6394230769230769 0.34134615384615385 0.6947115384615384 0.34134615384615385 0.6947115384615384 0.4831730769230769 0.6394230769230769 0.4831730769230769
9 0.7644230769230769 0.7115384615384616 0.8461538461538461 0.7115384615384616 0.8461538461538461 0.8774038461538461 0.7644230769230769 0.8774038461538461
9 0.6370192307692307 0.23557692307692307 0.7019230769230769 0.23557692307692307 0.7019230769230769 0.37740384615384615 0.6370192307692307 0.37740384615384615
11 0.6346153846153846 0.02403846153846154 0.7067307692307693 0.02403846153846154 0.7067307692307693 0.2091346153846154 0.6346153846153846 0.2091346153846154
8 0.8293269230769231 0.2860576923076923 0.9182692307692307 0.2860576923076923 0.9182692307692307 0.49759615384615385 0.8293269230769231 0.49759615384615385
12 0.7932692307692307 0 0.8605769230769231 0 0.8605769230769231 0.125 0.7932692307692307 0.125
10 0.5721153846153846 0 0.6225961538461539 0 0.6225961538461539 0.11057692307692307 0.5721153846153846 0.11057692307692307
10 0.7548076923076923 0.6081730769230769 0.8173076923076923 0.6081730769230769 0.8173076923076923 0.7283653846153846 0.7548076923076923 0.7283653846153846
10 0.7355769230769231 0.36778846153846156 0.8028846153846154 0.36778846153846156 0.8028846153846154 0.4831730769230769 0.7355769230769231 0.4831730769230769
10 0.7379807692307693 0.2620192307692308 0.7956730769230769 0.2620192307692308 0.7956730769230769 0.37740384615384615 0.7379807692307693 0.37740384615384615
10 0.71875 0.07451923076923077 0.7740384615384616 0.07451923076923077 0.7740384615384616 0.1971153846153846 0.71875 0.1971153846153846
1 0.375 0.057692307692307696 0.4326923076923077 0.057692307692307696 0.4326923076923077 0.21394230769230768 0.375 0.21394230769230768
1 0.6370192307692307 0.45913461538461536 0.6995192307692307 0.45913461538461536 0.6995192307692307 0.6105769230769231 0.6370192307692307 0.6105769230769231
3 0.5480769230769231 0.7067307692307693 0.6225961538461539 0.7067307692307693 0.6225961538461539 0.8701923076923077 0.5480769230769231 0.8701923076923077
3 0.3798076923076923 0.24519230769230768 0.44471153846153844 0.24519230769230768 0.44471153846153844 0.39663461538461536 0.3798076923076923 0.39663461538461536
2 0.18028846153846154 0.17307692307692307 0.27163461538461536 0.17307692307692307 0.27163461538461536 0.38461538461538464 0.18028846153846154 0.38461538461538464
6 0.4014423076923077 0 0.46153846153846156 0 0.46153846153846156 0.11778846153846154 0.4014423076923077 0.11778846153846154
6 0.16826923076923078 0.3605769230769231 0.24519230769230768 0.3605769230769231 0.24519230769230768 0.5 0.16826923076923078 0.5
4 0.23317307692307693 0.7379807692307693 0.3004807692307692 0.7379807692307693 0.3004807692307692 0.8605769230769231 0.23317307692307693 0.8605769230769231
4 0.28846153846153844 0.2692307692307692 0.34134615384615385 0.2692307692307692 0.34134615384615385 0.3870192307692308 0.28846153846153844 0.3870192307692308
4 0.4951923076923077 0.09375 0.5432692307692307 0.09375 0.5432692307692307 0.19951923076923078 0.4951923076923077 0.19951923076923078
4 0.47115384615384615 0.1875 0.5192307692307693 0.1875 0.5192307692307693 0.3004807692307692 0.47115384615384615 0.3004807692307692
4 0.37259615384615385 0.4735576923076923 0.4326923076923077 0.4735576923076923 0.4326923076923077 0.5985576923076923 0.37259615384615385 0.5985576923076923
4 0.44711538461538464 0.6129807692307693 0.5024038461538461 0.6129807692307693 0.5024038461538461 0.7331730769230769 0.44711538461538464 0.7331730769230769