11 0.2403846153846154 0.125 0.31490384615384615 0.125 0.31490384615384615 0.2956730769230769 0.2403846153846154 0.2956730769230769
2 0.7427884615384616 0.17307692307692307 0.8221153846153846 0.17307692307692307 0.8221153846153846 0.3701923076923077 0.7427884615384616 0.3701923076923077
1 0.6346153846153846 0 0.6899038461538461 0 0.6899038461538461 0.12259615384615384 0.6346153846153846 0.12259615384615384
6 0.7163461538461539 0 0.7716346153846154 0 0.7716346153846154 0.11538461538461539 0.7163461538461539 0.11538461538461539
4 0.6706730769230769 0.2692307692307692 0.7211538461538461 0.2692307692307692 0.7211538461538461 0.37259615384615385 0.6706730769230769 0.37259615384615385
6 0.8245192307692307 0.6923076923076923 0.90625 0.6923076923076923 0.90625 0.8317307692307693 0.8245192307692307 0.8317307692307693
4 0.7259615384615384 0.7115384615384616 0.7884615384615384 0.7115384615384616 0.7884615384615384 0.8245192307692307 0.7259615384615384 0.8245192307692307
3 0.6274038461538461 0.5769230769230769 0.6971153846153846 0.5769230769230769 0.6971153846153846 0.7139423076923077 0.6274038461538461 0.7139423076923077
3 0.5913461538461539 0.25240384615384615 0.6466346153846154 0.25240384615384615 0.6466346153846154 0.3918269230769231 0.5913461538461539 0.3918269230769231
5 0.49759615384615385 0.3125 0.5600961538461539 0.3125 0.5600961538461539 0.49278846153846156 0.49759615384615385 0.49278846153846156
4 0.5240384615384616 0.5985576923076923 0.5817307692307693 0.5985576923076923 0.5817307692307693 0.7115384615384616 0.5240384615384616 0.7115384615384616
4 0.5841346153846154 0.4735576923076923 0.6346153846153846 0.4735576923076923 0.6346153846153846 0.5865384615384616 0.5841346153846154 0.5865384615384616
4 0.5649038461538461 0.10096153846153846 0.6081730769230769 0.10096153846153846 0.6081730769230769 0.20432692307692307 0.5649038461538461 0.20432692307692307
4 0.49759615384615385 0.016826923076923076 0.5360576923076923 0.016826923076923076 0.5360576923076923 0.1201923076923077 0.49759615384615385 0.1201923076923077
4 0.49759615384615385 0.19230769230769232 0.5456730769230769 0.19230769230769232 0.5456730769230769 0.2956730769230769 0.49759615384615385 0.2956730769230769
4 0.34134615384615385 0.3870192307692308 0.3894230769230769 0.3870192307692308 0.3894230769230769 0.49759615384615385 0.34134615384615385 0.49759615384615385
1 0.3389423076923077 0.45913461538461536 0.39663461538461536 0.45913461538461536 0.39663461538461536 0.6009615384615384 0.3389423076923077 0.6009615384615384
8 0.12980769230769232 0.30288461538461536 0.20192307692307693 0.30288461538461536 0.20192307692307693 0.5024038461538461 0.12980769230769232 0.5024038461538461
12 0.17307692307692307 0.014423076923076924 0.22596153846153846 0.014423076923076924 0.22596153846153846 0.13942307692307693 0.17307692307692307 0.13942307692307693
9 0.3269230769230769 0.25240384615384615 0.3870192307692308 0.25240384615384615 0.3870192307692308 0.38461538461538464 0.3269230769230769 0.38461538461538464
9 0.12980769230769232 0.47596153846153844 0.19951923076923078 0.47596153846153844 0.19951923076923078 0.6129807692307693 0.12980769230769232 0.6129807692307693
7 0.16105769230769232 0.06971153846153846 0.21634615384615385 0.06971153846153846 0.21634615384615385 0.21394230769230768 0.16105769230769232 0.21394230769230768
7 0.11298076923076923 0.59375 0.18269230769230768 0.59375 0.18269230769230768 0.7355769230769231 0.11298076923076923 0.7355769230769231
10 0.2548076923076923 0.10576923076923077 0.3004807692307692 0.10576923076923077 0.3004807692307692 0.19951923076923078 0.2548076923076923 0.19951923076923078
10 0.23798076923076922 0.2764423076923077 0.29086538461538464 0.2764423076923077 0.29086538461538464 0.3798076923076923 0.23798076923076922 0.3798076923076923
10 0.22355769230769232 0.6057692307692307 0.28125 0.6057692307692307 0.28125 0.7259615384615384 0.22355769230769232 0.7259615384615384
10 0.23798076923076922 0.37740384615384615 0.29086538461538464 0.37740384615384615 0.29086538461538464 0.4855769230769231 0.23798076923076922 0.4855769230769231
10 0.39663461538461536 0.016826923076923076 0.4423076923076923 0.016826923076923076 0.4423076923076923 0.1201923076923077 0.39663461538461536 0.1201923076923077
10 0.4014423076923077 0.17548076923076922 0.44711538461538464 0.17548076923076922 0.44711538461538464 0.28365384615384615 0.4014423076923077 0.28365384615384615
10 0.41586538461538464 0.49278846153846156 0.4639423076923077 0.49278846153846156 0.4639423076923077 0.6033653846153846 0.41586538461538464 0.6033653846153846