2 0.1658653846153846 0.4855769230769231 0.25961538461538464 0.4855769230769231 0.25961538461538464 0.7115384615384616 0.1658653846153846 0.7115384615384616
6 0.04326923076923077 0.6802884615384616 0.12980769230769232 0.6802884615384616 0.12980769230769232 0.84375 0.04326923076923077 0.84375
3 0.47596153846153844 0.28125 0.5600961538461539 0.28125 0.5600961538461539 0.43509615384615385 0.47596153846153844 0.43509615384615385
5 0.31009615384615385 0.16105769230769232 0.38461538461538464 0.16105769230769232 0.38461538461538464 0.3629807692307692 0.31009615384615385 0.3629807692307692
4 0.23076923076923078 0.12740384615384615 0.2932692307692308 0.12740384615384615 0.2932692307692308 0.25721153846153844 0.23076923076923078 0.25721153846153844
4 0.40384615384615385 0.2091346153846154 0.45913461538461536 0.2091346153846154 0.45913461538461536 0.3293269230769231 0.40384615384615385 0.3293269230769231
4 0.29086538461538464 0.43509615384615385 0.34615384615384615 0.43509615384615385 0.34615384615384615 0.5600961538461539 0.29086538461538464 0.5600961538461539
12 0.25721153846153844 0.6490384615384616 0.33413461538461536 0.6490384615384616 0.33413461538461536 0.8076923076923077 0.25721153846153844 0.8076923076923077
9 0.40865384615384615 0.004807692307692308 0.47596153846153844 0.004807692307692308 0.47596153846153844 0.16105769230769232 0.40865384615384615 0.16105769230769232
8 0.6586538461538461 0.2091346153846154 0.7403846153846154 0.2091346153846154 0.7403846153846154 0.4326923076923077 0.6586538461538461 0.4326923076923077
12 0.7283653846153846 0 0.7956730769230769 0 0.7956730769230769 0.036057692307692304 0.7283653846153846 0.036057692307692304
11 0.5697115384615384 0.14423076923076922 0.6322115384615384 0.14423076923076922 0.6322115384615384 0.3389423076923077 0.5697115384615384 0.3389423076923077
10 0.4879807692307692 0.19471153846153846 0.5504807692307693 0.19471153846153846 0.5504807692307693 0.3245192307692308 0.4879807692307692 0.3245192307692308
10 0.6538461538461539 0 0.7115384615384616 0 0.7115384615384616 0.04326923076923077 0.6538461538461539 0.04326923076923077
10 0.6538461538461539 0.09375 0.7115384615384616 0.09375 0.7115384615384616 0.21394230769230768 0.6538461538461539 0.21394230769230768
10 0.6754807692307693 0.5216346153846154 0.7403846153846154 0.5216346153846154 0.7403846153846154 0.6442307692307693 0.6754807692307693 0.6442307692307693