6 0.07932692307692307 0.7283653846153846 0.15865384615384615 0.7283653846153846 0.15865384615384615 0.8774038461538461 0.07932692307692307 0.8774038461538461
2 0.27163461538461536 0.6514423076923077 0.3581730769230769 0.6514423076923077 0.3581730769230769 0.8677884615384616 0.27163461538461536 0.8677884615384616
5 0.3485576923076923 0.23798076923076922 0.4230769230769231 0.23798076923076922 0.4230769230769231 0.4206730769230769 0.3485576923076923 0.4206730769230769
4 0.27403846153846156 0.1971153846153846 0.3245192307692308 0.1971153846153846 0.3245192307692308 0.30528846153846156 0.27403846153846156 0.30528846153846156
4 0.32211538461538464 0.4951923076923077 0.38221153846153844 0.4951923076923077 0.38221153846153844 0.6105769230769231 0.32211538461538464 0.6105769230769231
4 0.43990384615384615 0.2764423076923077 0.49278846153846156 0.2764423076923077 0.49278846153846156 0.3918269230769231 0.43990384615384615 0.3918269230769231
8 0.59375 0.30288461538461536 0.6754807692307693 0.30288461538461536 0.6754807692307693 0.5096153846153846 0.59375 0.5096153846153846
12 0.7836538461538461 0.1778846153846154 0.8533653846153846 0.1778846153846154 0.8533653846153846 0.30528846153846156 0.7836538461538461 0.30528846153846156
10 0.6923076923076923 0.021634615384615384 0.7524038461538461 0.021634615384615384 0.7524038461538461 0.12980769230769232 0.6923076923076923 0.12980769230769232
10 0.6033653846153846 0.11538461538461539 0.6610576923076923 0.11538461538461539 0.6610576923076923 0.23076923076923078 0.6033653846153846 0.23076923076923078
10 0.5264423076923077 0.28125 0.5817307692307693 0.28125 0.5817307692307693 0.3942307692307692 0.5264423076923077 0.3942307692307692
10 0.7019230769230769 0.6153846153846154 0.7644230769230769 0.6153846153846154 0.7644230769230769 0.7427884615384616 0.7019230769230769 0.7427884615384616