2 0.17548076923076922 0.1875 0.25961538461538464 0.1875 0.25961538461538464 0.38461538461538464 0.17548076923076922 0.38461538461538464
5 0.43509615384615385 0.31971153846153844 0.5048076923076923 0.31971153846153844 0.5048076923076923 0.49759615384615385 0.43509615384615385 0.49759615384615385
1 0.3125 0 0.37259615384615385 0 0.37259615384615385 0.12980769230769232 0.3125 0.12980769230769232
6 0.23317307692307693 0.004807692307692308 0.2860576923076923 0.004807692307692308 0.2860576923076923 0.12259615384615384 0.23317307692307693 0.12259615384615384
6 0.0889423076923077 0.7091346153846154 0.17307692307692307 0.7091346153846154 0.17307692307692307 0.8485576923076923 0.0889423076923077 0.8485576923076923
4 0.20673076923076922 0.7211538461538461 0.27163461538461536 0.7211538461538461 0.27163461538461536 0.8365384615384616 0.20673076923076922 0.8365384615384616
3 0.3076923076923077 0.5673076923076923 0.38221153846153844 0.5673076923076923 0.38221153846153844 0.7211538461538461 0.3076923076923077 0.7211538461538461
3 0.3557692307692308 0.25240384615384615 0.41586538461538464 0.25240384615384615 0.41586538461538464 0.3918269230769231 0.3557692307692308 0.3918269230769231
4 0.27884615384615385 0.2764423076923077 0.3317307692307692 0.2764423076923077 0.3317307692307692 0.3798076923076923 0.27884615384615385 0.3798076923076923
4 0.3918269230769231 0.10336538461538461 0.43990384615384615 0.10336538461538461 0.43990384615384615 0.20673076923076922 0.3918269230769231 0.20673076923076922
4 0.4567307692307692 0.18990384615384615 0.5048076923076923 0.18990384615384615 0.5048076923076923 0.2956730769230769 0.4567307692307692 0.2956730769230769
4 0.35336538461538464 0.47115384615384615 0.40625 0.47115384615384615 0.40625 0.5841346153846154 0.35336538461538464 0.5841346153846154
4 0.4182692307692308 0.5985576923076923 0.4735576923076923 0.5985576923076923 0.4735576923076923 0.7115384615384616 0.4182692307692308 0.7115384615384616
4 0.6129807692307693 0.38221153846153844 0.6634615384615384 0.38221153846153844 0.6634615384615384 0.4807692307692308 0.6129807692307693 0.4807692307692308
1 0.6033653846153846 0.4543269230769231 0.6634615384615384 0.4543269230769231 0.6634615384615384 0.5985576923076923 0.6033653846153846 0.5985576923076923
10 0.7067307692307693 0.09134615384615384 0.7524038461538461 0.09134615384615384 0.7524038461538461 0.1971153846153846 0.7067307692307693 0.1971153846153846
11 0.6923076923076923 0.11298076923076923 0.7548076923076923 0.11298076923076923 0.7548076923076923 0.28365384615384615 0.6923076923076923 0.28365384615384615
8 0.7980769230769231 0.2860576923076923 0.875 0.2860576923076923 0.875 0.4807692307692308 0.7980769230769231 0.4807692307692308
9 0.7956730769230769 0.4567307692307692 0.875 0.4567307692307692 0.875 0.5985576923076923 0.7956730769230769 0.5985576923076923
7 0.7836538461538461 0.057692307692307696 0.8533653846153846 0.057692307692307696 0.8533653846153846 0.19471153846153846 0.7836538461538461 0.19471153846153846
7 0.8173076923076923 0.5769230769230769 0.8870192307692307 0.5769230769230769 0.8870192307692307 0.71875 0.8173076923076923 0.71875
9 0.6105769230769231 0.2403846153846154 0.6754807692307693 0.2403846153846154 0.6754807692307693 0.375 0.6105769230769231 0.375
12 0.7740384615384616 0 0.8413461538461539 0 0.8413461538461539 0.125 0.7740384615384616 0.125
10 0.5625 0.004807692307692308 0.6105769230769231 0.004807692307692308 0.6105769230769231 0.11538461538461539 0.5625 0.11538461538461539
10 0.5528846153846154 0.17307692307692307 0.6033653846153846 0.17307692307692307 0.6033653846153846 0.28365384615384615 0.5528846153846154 0.28365384615384615
10 0.7139423076923077 0.2644230769230769 0.7668269230769231 0.2644230769230769 0.7668269230769231 0.3701923076923077 0.7139423076923077 0.3701923076923077
10 0.7091346153846154 0.36778846153846156 0.7692307692307693 0.36778846153846156 0.7692307692307693 0.4735576923076923 0.7091346153846154 0.4735576923076923
10 0.7163461538461539 0.59375 0.7788461538461539 0.59375 0.7788461538461539 0.7091346153846154 0.7163461538461539 0.7091346153846154
10 0.5360576923076923 0.49038461538461536 0.5865384615384616 0.49038461538461536 0.5865384615384616 0.6009615384615384 0.5360576923076923 0.6009615384615384