9 0.7475961538461539 0.5576923076923077 0.8221153846153846 0.5576923076923077 0.8221153846153846 0.7235576923076923 0.7475961538461539 0.7235576923076923
2 0.19230769230769232 0.19230769230769232 0.28125 0.19230769230769232 0.28125 0.4014423076923077 0.19230769230769232 0.4014423076923077
6 0.4014423076923077 0 0.4639423076923077 0 0.4639423076923077 0.13701923076923078 0.4014423076923077 0.13701923076923078
1 0.47115384615384615 0.14423076923076922 0.5360576923076923 0.14423076923076922 0.5360576923076923 0.2956730769230769 0.47115384615384615 0.2956730769230769
4 0.5649038461538461 0.11538461538461539 0.6177884615384616 0.11538461538461539 0.6177884615384616 0.22355769230769232 0.5649038461538461 0.22355769230769232
4 0.2980769230769231 0.28365384615384615 0.35096153846153844 0.28365384615384615 0.35096153846153844 0.39903846153846156 0.2980769230769231 0.39903846153846156
4 0.38221153846153844 0.47596153846153844 0.43990384615384615 0.47596153846153844 0.43990384615384615 0.5985576923076923 0.38221153846153844 0.5985576923076923
4 0.4495192307692308 0.6081730769230769 0.5096153846153846 0.6081730769230769 0.5096153846153846 0.7283653846153846 0.4495192307692308 0.7283653846153846
9 0.5336538461538461 0.5673076923076923 0.6105769230769231 0.5673076923076923 0.6105769230769231 0.7283653846153846 0.5336538461538461 0.7283653846153846
7 0.5432692307692307 0.34375 0.6105769230769231 0.34375 0.6105769230769231 0.5024038461538461 0.5432692307692307 0.5024038461538461
8 0.8149038461538461 0.18509615384615385 0.8990384615384616 0.18509615384615385 0.8990384615384616 0.39903846153846156 0.8149038461538461 0.39903846153846156
12 0.5432692307692307 0 0.6033653846153846 0 0.6033653846153846 0.12980769230769232 0.5432692307692307 0.12980769230769232
11 0.6346153846153846 0.04567307692307692 0.6995192307692307 0.04567307692307692 0.6995192307692307 0.22596153846153846 0.6346153846153846 0.22596153846153846
10 0.7139423076923077 0.0985576923076923 0.7692307692307693 0.0985576923076923 0.7692307692307693 0.21153846153846154 0.7139423076923077 0.21153846153846154
10 0.7283653846153846 0.2764423076923077 0.7932692307692307 0.2764423076923077 0.7932692307692307 0.3894230769230769 0.7283653846153846 0.3894230769230769
10 0.6394230769230769 0.2644230769230769 0.6995192307692307 0.2644230769230769 0.6995192307692307 0.38221153846153844 0.6394230769230769 0.38221153846153844
10 0.6370192307692307 0.49038461538461536 0.6995192307692307 0.49038461538461536 0.6995192307692307 0.6201923076923077 0.6370192307692307 0.6201923076923077