9 0.21394230769230768 0.5769230769230769 0.28846153846153844 0.5769230769230769 0.28846153846153844 0.7427884615384616 0.21394230769230768 0.7427884615384616
2 0.7331730769230769 0.22596153846153846 0.8221153846153846 0.22596153846153846 0.8221153846153846 0.43509615384615385 0.7331730769230769 0.43509615384615385
6 0.5384615384615384 0.03125 0.6009615384615384 0.03125 0.6009615384615384 0.1658653846153846 0.5384615384615384 0.1658653846153846
1 0.47596153846153844 0.17307692307692307 0.5384615384615384 0.17307692307692307 0.5384615384615384 0.32211538461538464 0.47596153846153844 0.32211538461538464
4 0.3894230769230769 0.13942307692307693 0.44471153846153844 0.13942307692307693 0.44471153846153844 0.25 0.3894230769230769 0.25
4 0.6682692307692307 0.31490384615384615 0.71875 0.31490384615384615 0.71875 0.43028846153846156 0.6682692307692307 0.43028846153846156
4 0.5889423076923077 0.5024038461538461 0.6466346153846154 0.5024038461538461 0.6466346153846154 0.6274038461538461 0.5889423076923077 0.6274038461538461
4 0.5240384615384616 0.6322115384615384 0.5841346153846154 0.6322115384615384 0.5841346153846154 0.7548076923076923 0.5240384615384616 0.7548076923076923
9 0.4254807692307692 0.5913461538461539 0.5 0.5913461538461539 0.5 0.7524038461538461 0.4254807692307692 0.7524038461538461
7 0.41346153846153844 0.36778846153846156 0.47836538461538464 0.36778846153846156 0.47836538461538464 0.5288461538461539 0.41346153846153844 0.5288461538461539
8 0.11778846153846154 0.20432692307692307 0.19951923076923078 0.20432692307692307 0.19951923076923078 0.4182692307692308 0.11778846153846154 0.4182692307692308
12 0.39903846153846156 0.02403846153846154 0.45913461538461536 0.02403846153846154 0.45913461538461536 0.15625 0.39903846153846156 0.15625
11 0.31009615384615385 0.0673076923076923 0.37259615384615385 0.0673076923076923 0.37259615384615385 0.25240384615384615 0.31009615384615385 0.25240384615384615
10 0.2403846153846154 0.1201923076923077 0.2956730769230769 0.1201923076923077 0.2956730769230769 0.23317307692307693 0.2403846153846154 0.23317307692307693
10 0.22596153846153846 0.2980769230769231 0.29086538461538464 0.2980769230769231 0.29086538461538464 0.4110576923076923 0.22596153846153846 0.4110576923076923
10 0.31971153846153844 0.2860576923076923 0.3798076923076923 0.2860576923076923 0.3798076923076923 0.40625 0.31971153846153844 0.40625
10 0.3317307692307692 0.5120192307692307 0.3942307692307692 0.5120192307692307 0.3942307692307692 0.6418269230769231 0.3317307692307692 0.6418269230769231