6 0.8221153846153846 0.6802884615384616 0.9038461538461539 0.6802884615384616 0.9038461538461539 0.8221153846153846 0.8221153846153846 0.8221153846153846
2 0.7692307692307693 0.39663461538461536 0.8701923076923077 0.39663461538461536 0.8701923076923077 0.6009615384615384 0.7692307692307693 0.6009615384615384
5 0.5649038461538461 0.19951923076923078 0.6322115384615384 0.19951923076923078 0.6322115384615384 0.38461538461538464 0.5649038461538461 0.38461538461538464
3 0.39903846153846156 0.3245192307692308 0.47115384615384615 0.3245192307692308 0.47115384615384615 0.46634615384615385 0.39903846153846156 0.46634615384615385
4 0.6778846153846154 0.35336538461538464 0.7331730769230769 0.35336538461538464 0.7331730769230769 0.4639423076923077 0.6778846153846154 0.4639423076923077
4 0.6514423076923077 0.16826923076923078 0.7019230769230769 0.16826923076923078 0.7019230769230769 0.27884615384615385 0.6514423076923077 0.27884615384615385
4 0.6009615384615384 0.4519230769230769 0.6586538461538461 0.4519230769230769 0.6586538461538461 0.5721153846153846 0.6009615384615384 0.5721153846153846
4 0.49038461538461536 0.24759615384615385 0.5384615384615384 0.24759615384615385 0.5384615384615384 0.3605769230769231 0.49038461538461536 0.3605769230769231
4 0.32211538461538464 0.004807692307692308 0.375 0.004807692307692308 0.375 0.11057692307692307 0.32211538461538464 0.11057692307692307
11 0.32211538461538464 0.1971153846153846 0.3870192307692308 0.1971153846153846 0.3870192307692308 0.37740384615384615 0.32211538461538464 0.37740384615384615
8 0.21634615384615385 0.2644230769230769 0.3004807692307692 0.2644230769230769 0.3004807692307692 0.47115384615384615 0.21634615384615385 0.47115384615384615
9 0.32211538461538464 0.41586538461538464 0.3870192307692308 0.41586538461538464 0.3870192307692308 0.5721153846153846 0.32211538461538464 0.5721153846153846
7 0.40865384615384615 0.53125 0.47836538461538464 0.53125 0.47836538461538464 0.6899038461538461 0.40865384615384615 0.6899038461538461
9 0.46875 0.05048076923076923 0.53125 0.05048076923076923 0.53125 0.19951923076923078 0.46875 0.19951923076923078
12 0.6177884615384616 0.6586538461538461 0.6971153846153846 0.6586538461538461 0.6971153846153846 0.8125 0.6177884615384616 0.8125
12 0.15625 0.002403846153846154 0.21634615384615385 0.002403846153846154 0.21634615384615385 0.0985576923076923 0.15625 0.0985576923076923
10 0.4014423076923077 0.24759615384615385 0.4567307692307692 0.24759615384615385 0.4567307692307692 0.3557692307692308 0.4014423076923077 0.3557692307692308
10 0.23798076923076922 0.002403846153846154 0.2932692307692308 0.002403846153846154 0.2932692307692308 0.09615384615384616 0.23798076923076922 0.09615384615384616
10 0.24519230769230768 0.15384615384615385 0.3004807692307692 0.15384615384615385 0.3004807692307692 0.2620192307692308 0.24519230769230768 0.2620192307692308
10 0.2283653846153846 0.5600961538461539 0.2932692307692308 0.5600961538461539 0.2932692307692308 0.6802884615384616 0.2283653846153846 0.6802884615384616