11 0.6009615384615384 0.021634615384615384 0.6850961538461539 0.021634615384615384 0.6850961538461539 0.21153846153846154 0.6009615384615384 0.21153846153846154
7 0.7764423076923077 0.04326923076923077 0.8485576923076923 0.04326923076923077 0.8485576923076923 0.1875 0.7764423076923077 0.1875
12 0.7644230769230769 0 0.8365384615384616 0 0.8365384615384616 0.1201923076923077 0.7644230769230769 0.1201923076923077
8 0.78125 0.17067307692307693 0.8701923076923077 0.17067307692307693 0.8701923076923077 0.38461538461538464 0.78125 0.38461538461538464
9 0.6875 0.7019230769230769 0.7836538461538461 0.7019230769230769 0.7836538461538461 0.8774038461538461 0.6875 0.8774038461538461
10 0.6850961538461539 0.06971153846153846 0.75 0.06971153846153846 0.75 0.1971153846153846 0.6850961538461539 0.1971153846153846
10 0.6947115384615384 0.2548076923076923 0.7572115384615384 0.2548076923076923 0.7572115384615384 0.37259615384615385 0.6947115384615384 0.37259615384615385
10 0.6875 0.3581730769230769 0.7548076923076923 0.3581730769230769 0.7548076923076923 0.4807692307692308 0.6875 0.4807692307692308
10 0.5817307692307693 0.49038461538461536 0.6490384615384616 0.49038461538461536 0.6490384615384616 0.6105769230769231 0.5817307692307693 0.6105769230769231
2 0.14423076923076922 0.17307692307692307 0.2403846153846154 0.17307692307692307 0.2403846153846154 0.38221153846153844 0.14423076923076922 0.38221153846153844
1 0.34375 0.057692307692307696 0.4110576923076923 0.057692307692307696 0.4110576923076923 0.20673076923076922 0.34375 0.20673076923076922
3 0.6899038461538461 0.5408653846153846 0.7740384615384616 0.5408653846153846 0.7740384615384616 0.7139423076923077 0.6899038461538461 0.7139423076923077
3 0.5889423076923077 0.3317307692307692 0.6658653846153846 0.3317307692307692 0.6658653846153846 0.5048076923076923 0.5889423076923077 0.5048076923076923
6 0.375 0 0.4423076923076923 0 0.4423076923076923 0.11538461538461539 0.375 0.11538461538461539
6 0.4254807692307692 0.25 0.49759615384615385 0.25 0.49759615384615385 0.3918269230769231 0.4254807692307692 0.3918269230769231
4 0.5408653846153846 0.09615384615384616 0.5985576923076923 0.09615384615384616 0.5985576923076923 0.21634615384615385 0.5408653846153846 0.21634615384615385
4 0.2548076923076923 0.2620192307692308 0.31009615384615385 0.2620192307692308 0.31009615384615385 0.38221153846153844 0.2548076923076923 0.38221153846153844
4 0.3798076923076923 0.59375 0.44711538461538464 0.59375 0.44711538461538464 0.7259615384615384 0.3798076923076923 0.7259615384615384
4 0.3245192307692308 0.46153846153846156 0.3894230769230769 0.46153846153846156 0.3894230769230769 0.59375 0.3245192307692308 0.59375