11 0.31009615384615385 0.057692307692307696 0.3870192307692308 0.057692307692307696 0.3870192307692308 0.23798076923076922 0.31009615384615385 0.23798076923076922
7 0.15384615384615385 0.07932692307692307 0.21875 0.07932692307692307 0.21875 0.21875 0.15384615384615385 0.21875
12 0.1658653846153846 0.026442307692307692 0.23076923076923078 0.026442307692307692 0.23076923076923078 0.15384615384615385 0.1658653846153846 0.15384615384615385
8 0.12740384615384615 0.20192307692307693 0.20673076923076922 0.20192307692307693 0.20673076923076922 0.40865384615384615 0.12740384615384615 0.40865384615384615
9 0.1971153846153846 0.7115384615384616 0.2860576923076923 0.7115384615384616 0.2860576923076923 0.8774038461538461 0.1971153846153846 0.8774038461538461
10 0.24519230769230768 0.10576923076923077 0.3076923076923077 0.10576923076923077 0.3076923076923077 0.22596153846153846 0.24519230769230768 0.22596153846153846
10 0.23317307692307693 0.28125 0.29086538461538464 0.28125 0.29086538461538464 0.3942307692307692 0.23317307692307693 0.3942307692307692
10 0.23317307692307693 0.3798076923076923 0.2932692307692308 0.3798076923076923 0.2932692307692308 0.5 0.23317307692307693 0.5
10 0.3317307692307692 0.5072115384615384 0.3942307692307692 0.5072115384615384 0.3942307692307692 0.6225961538461539 0.3317307692307692 0.6225961538461539
2 0.7307692307692307 0.1971153846153846 0.8173076923076923 0.1971153846153846 0.8173076923076923 0.39903846153846156 0.7307692307692307 0.39903846153846156
1 0.5721153846153846 0.09134615384615384 0.6322115384615384 0.09134615384615384 0.6322115384615384 0.23317307692307693 0.5721153846153846 0.23317307692307693
3 0.2091346153846154 0.5576923076923077 0.2860576923076923 0.5576923076923077 0.2860576923076923 0.7235576923076923 0.2091346153846154 0.7235576923076923
3 0.31971153846153844 0.3557692307692308 0.3870192307692308 0.3557692307692308 0.3870192307692308 0.5216346153846154 0.31971153846153844 0.5216346153846154
6 0.5456730769230769 0.014423076923076924 0.6033653846153846 0.014423076923076924 0.6033653846153846 0.14182692307692307 0.5456730769230769 0.14182692307692307
6 0.4831730769230769 0.2764423076923077 0.5480769230769231 0.2764423076923077 0.5480769230769231 0.4110576923076923 0.4831730769230769 0.4110576923076923
4 0.3942307692307692 0.12740384615384615 0.44471153846153844 0.12740384615384615 0.44471153846153844 0.24278846153846154 0.3942307692307692 0.24278846153846154
4 0.6634615384615384 0.28365384615384615 0.7139423076923077 0.28365384615384615 0.7139423076923077 0.39903846153846156 0.6634615384615384 0.39903846153846156
4 0.5216346153846154 0.6033653846153846 0.5817307692307693 0.6033653846153846 0.5817307692307693 0.7307692307692307 0.5216346153846154 0.7307692307692307
4 0.5817307692307693 0.47836538461538464 0.6394230769230769 0.47836538461538464 0.6394230769230769 0.6033653846153846 0.5817307692307693 0.6033653846153846