11 0.2932692307692308 0.05048076923076923 0.37259615384615385 0.05048076923076923 0.37259615384615385 0.23798076923076922 0.2932692307692308 0.23798076923076922
7 0.13221153846153846 0.07211538461538461 0.19951923076923078 0.07211538461538461 0.19951923076923078 0.21634615384615385 0.13221153846153846 0.21634615384615385
12 0.1466346153846154 0.016826923076923076 0.21634615384615385 0.016826923076923076 0.21634615384615385 0.14903846153846154 0.1466346153846154 0.14903846153846154
8 0.10096153846153846 0.19951923076923078 0.18509615384615385 0.19951923076923078 0.18509615384615385 0.4110576923076923 0.10096153846153846 0.4110576923076923
9 0.16105769230769232 0.7235576923076923 0.25240384615384615 0.7235576923076923 0.25240384615384615 0.8966346153846154 0.16105769230769232 0.8966346153846154
10 0.22596153846153846 0.0985576923076923 0.29086538461538464 0.0985576923076923 0.29086538461538464 0.22355769230769232 0.22596153846153846 0.22355769230769232
10 0.2091346153846154 0.28125 0.27163461538461536 0.28125 0.27163461538461536 0.39663461538461536 0.2091346153846154 0.39663461538461536
10 0.20673076923076922 0.38221153846153844 0.2692307692307692 0.38221153846153844 0.2692307692307692 0.5048076923076923 0.20673076923076922 0.5048076923076923
10 0.30528846153846156 0.5144230769230769 0.3701923076923077 0.5144230769230769 0.3701923076923077 0.6322115384615384 0.30528846153846156 0.6322115384615384
2 0.7235576923076923 0.19471153846153846 0.8149038461538461 0.19471153846153846 0.8149038461538461 0.4014423076923077 0.7235576923076923 0.4014423076923077
1 0.5625 0.08413461538461539 0.6274038461538461 0.08413461538461539 0.6274038461538461 0.23076923076923078 0.5625 0.23076923076923078
3 0.1778846153846154 0.5673076923076923 0.25961538461538464 0.5673076923076923 0.25961538461538464 0.7379807692307693 0.1778846153846154 0.7379807692307693
3 0.2956730769230769 0.3557692307692308 0.36778846153846156 0.3557692307692308 0.36778846153846156 0.5264423076923077 0.2956730769230769 0.5264423076923077
6 0.5360576923076923 0.007211538461538462 0.5985576923076923 0.007211538461538462 0.5985576923076923 0.13942307692307693 0.5360576923076923 0.13942307692307693
6 0.46634615384615385 0.27403846153846156 0.5360576923076923 0.27403846153846156 0.5360576923076923 0.41586538461538464 0.46634615384615385 0.41586538461538464
4 0.37740384615384615 0.12259615384615384 0.4326923076923077 0.12259615384615384 0.4326923076923077 0.2403846153846154 0.37740384615384615 0.2403846153846154
4 0.6538461538461539 0.28365384615384615 0.7067307692307693 0.28365384615384615 0.7067307692307693 0.40384615384615385 0.6538461538461539 0.40384615384615385
4 0.5 0.6153846153846154 0.5625 0.6153846153846154 0.5625 0.7451923076923077 0.5 0.7451923076923077
4 0.5625 0.4831730769230769 0.625 0.4831730769230769 0.625 0.6129807692307693 0.5625 0.6129807692307693