9 0.2091346153846154 0.6947115384615384 0.3076923076923077 0.6947115384615384 0.3076923076923077 0.8653846153846154 0.2091346153846154 0.8653846153846154
7 0.4182692307692308 0.31490384615384615 0.49278846153846156 0.31490384615384615 0.49278846153846156 0.4807692307692308 0.4182692307692308 0.4807692307692308
11 0.3125 0.01201923076923077 0.38461538461538464 0.01201923076923077 0.38461538461538464 0.20432692307692307 0.3125 0.20432692307692307
8 0.1201923076923077 0.15625 0.21153846153846154 0.15625 0.21153846153846154 0.3918269230769231 0.1201923076923077 0.3918269230769231
12 0.15384615384615385 0 0.22596153846153846 0 0.22596153846153846 0.125 0.15384615384615385 0.125
10 0.24519230769230768 0.07692307692307693 0.30288461538461536 0.07692307692307693 0.30288461538461536 0.19471153846153846 0.24519230769230768 0.19471153846153846
10 0.2283653846153846 0.25240384615384615 0.29086538461538464 0.25240384615384615 0.29086538461538464 0.36778846153846156 0.2283653846153846 0.36778846153846156
10 0.23557692307692307 0.35336538461538464 0.30288461538461536 0.35336538461538464 0.30288461538461536 0.47115384615384615 0.23557692307692307 0.47115384615384615
10 0.33653846153846156 0.46875 0.40625 0.46875 0.40625 0.5985576923076923 0.33653846153846156 0.5985576923076923
2 0.7427884615384616 0.1346153846153846 0.84375 0.1346153846153846 0.84375 0.3605769230769231 0.7427884615384616 0.3605769230769231
6 0.5528846153846154 0 0.6129807692307693 0 0.6129807692307693 0.10576923076923077 0.5528846153846154 0.10576923076923077
6 0.3269230769230769 0.23798076923076922 0.39663461538461536 0.23798076923076922 0.39663461538461536 0.38461538461538464 0.3269230769230769 0.38461538461538464
3 0.32211538461538464 0.3293269230769231 0.39663461538461536 0.3293269230769231 0.39663461538461536 0.4879807692307692 0.32211538461538464 0.4879807692307692
3 0.22355769230769232 0.5408653846153846 0.2980769230769231 0.5408653846153846 0.2980769230769231 0.7115384615384616 0.22355769230769232 0.7115384615384616
1 0.4855769230769231 0.11298076923076923 0.5552884615384616 0.11298076923076923 0.5552884615384616 0.2764423076923077 0.4855769230769231 0.2764423076923077
4 0.3942307692307692 0.08173076923076923 0.4519230769230769 0.08173076923076923 0.4519230769230769 0.1971153846153846 0.3942307692307692 0.1971153846153846
4 0.6802884615384616 0.24278846153846154 0.7379807692307693 0.24278846153846154 0.7379807692307693 0.35336538461538464 0.6802884615384616 0.35336538461538464
4 0.6033653846153846 0.4423076923076923 0.6658653846153846 0.4423076923076923 0.6658653846153846 0.5697115384615384 0.6033653846153846 0.5697115384615384
4 0.5408653846153846 0.5817307692307693 0.6057692307692307 0.5817307692307693 0.6057692307692307 0.7043269230769231 0.5408653846153846 0.7043269230769231