5 0.7403846153846154 0.1971153846153846 0.8197115384615384 0.1971153846153846 0.8197115384615384 0.3701923076923077 0.7403846153846154 0.3701923076923077
2 0.7403846153846154 0.25961538461538464 0.8269230769230769 0.25961538461538464 0.8269230769230769 0.4639423076923077 0.7403846153846154 0.4639423076923077
1 0.7307692307692307 0.12740384615384615 0.7884615384615384 0.12740384615384615 0.7884615384615384 0.2668269230769231 0.7307692307692307 0.2668269230769231
1 0.7644230769230769 0.43028846153846156 0.8293269230769231 0.43028846153846156 0.8293269230769231 0.5697115384615384 0.7644230769230769 0.5697115384615384
3 0.7139423076923077 0.05048076923076923 0.7740384615384616 0.05048076923076923 0.7740384615384616 0.1778846153846154 0.7139423076923077 0.1778846153846154
3 0.78125 0.5552884615384616 0.8605769230769231 0.5552884615384616 0.8605769230769231 0.6899038461538461 0.78125 0.6899038461538461
6 0.7115384615384616 0.01201923076923077 0.7668269230769231 0.01201923076923077 0.7668269230769231 0.09615384615384616 0.7115384615384616 0.09615384615384616
6 0.7932692307692307 0.6850961538461539 0.8701923076923077 0.6850961538461539 0.8701923076923077 0.8173076923076923 0.7932692307692307 0.8173076923076923
4 0.6947115384615384 0.6971153846153846 0.7524038461538461 0.6971153846153846 0.7524038461538461 0.8076923076923077 0.6947115384615384 0.8076923076923077
4 0.6826923076923077 0.5697115384615384 0.7379807692307693 0.5697115384615384 0.7379807692307693 0.6730769230769231 0.6826923076923077 0.6730769230769231
4 0.6706730769230769 0.45913461538461536 0.7259615384615384 0.45913461538461536 0.7259615384615384 0.5625 0.6706730769230769 0.5625
4 0.6634615384615384 0.34615384615384615 0.7115384615384616 0.34615384615384615 0.7115384615384616 0.4495192307692308 0.6634615384615384 0.4495192307692308
4 0.6514423076923077 0.24519230769230768 0.6995192307692307 0.24519230769230768 0.6995192307692307 0.34615384615384615 0.6514423076923077 0.34615384615384615
4 0.6394230769230769 0.15865384615384615 0.6899038461538461 0.15865384615384615 0.6899038461538461 0.25961538461538464 0.6394230769230769 0.25961538461538464
4 0.6346153846153846 0.07211538461538461 0.6802884615384616 0.07211538461538461 0.6802884615384616 0.17067307692307693 0.6346153846153846 0.17067307692307693
4 0.6322115384615384 0.01201923076923077 0.6754807692307693 0.01201923076923077 0.6754807692307693 0.08413461538461539 0.6322115384615384 0.08413461538461539
11 0.11298076923076923 0.16346153846153846 0.18269230769230768 0.16346153846153846 0.18269230769230768 0.34375 0.11298076923076923 0.34375
8 0.09134615384615384 0.24278846153846154 0.1658653846153846 0.24278846153846154 0.1658653846153846 0.4495192307692308 0.09134615384615384 0.4495192307692308
7 0.12259615384615384 0.10576923076923077 0.1778846153846154 0.10576923076923077 0.1778846153846154 0.24278846153846154 0.12259615384615384 0.24278846153846154
7 0.07692307692307693 0.40625 0.14423076923076922 0.40625 0.14423076923076922 0.5528846153846154 0.07692307692307693 0.5528846153846154
9 0.12740384615384615 0.028846153846153848 0.18990384615384615 0.028846153846153848 0.18990384615384615 0.16105769230769232 0.12740384615384615 0.16105769230769232
9 0.06971153846153846 0.5504807692307693 0.14182692307692307 0.5504807692307693 0.14182692307692307 0.6923076923076923 0.06971153846153846 0.6923076923076923
12 0.14182692307692307 0.002403846153846154 0.19951923076923078 0.002403846153846154 0.19951923076923078 0.07211538461538461 0.14182692307692307 0.07211538461538461
12 0.04807692307692308 0.6802884615384616 0.125 0.6802884615384616 0.125 0.8269230769230769 0.04807692307692308 0.8269230769230769
10 0.22596153846153846 0.004807692307692308 0.27403846153846156 0.004807692307692308 0.27403846153846156 0.06971153846153846 0.22596153846153846 0.06971153846153846
10 0.22355769230769232 0.06009615384615385 0.27403846153846156 0.06009615384615385 0.27403846153846156 0.15625 0.22355769230769232 0.15625
10 0.22115384615384615 0.1466346153846154 0.2692307692307692 0.1466346153846154 0.2692307692307692 0.25 0.22115384615384615 0.25
10 0.21153846153846154 0.23557692307692307 0.2644230769230769 0.23557692307692307 0.2644230769230769 0.3389423076923077 0.21153846153846154 0.3389423076923077
10 0.20432692307692307 0.34134615384615385 0.2644230769230769 0.34134615384615385 0.2644230769230769 0.4495192307692308 0.20432692307692307 0.4495192307692308
10 0.19230769230769232 0.4495192307692308 0.25240384615384615 0.4495192307692308 0.25240384615384615 0.5576923076923077 0.19230769230769232 0.5576923076923077
10 0.19230769230769232 0.5552884615384616 0.24759615384615385 0.5552884615384616 0.24759615384615385 0.6706730769230769 0.19230769230769232 0.6706730769230769
10 0.1778846153846154 0.6826923076923077 0.23557692307692307 0.6826923076923077 0.23557692307692307 0.8028846153846154 0.1778846153846154 0.8028846153846154