11 0.5961538461538461 0.06490384615384616 0.6754807692307693 0.06490384615384616 0.6754807692307693 0.2620192307692308 0.5961538461538461 0.2620192307692308
12 0.7572115384615384 0.038461538461538464 0.8293269230769231 0.038461538461538464 0.8293269230769231 0.18028846153846154 0.7572115384615384 0.18028846153846154
7 0.7668269230769231 0.09134615384615384 0.8365384615384616 0.09134615384615384 0.8365384615384616 0.25 0.7668269230769231 0.25
8 0.78125 0.2283653846153846 0.8653846153846154 0.2283653846153846 0.8653846153846154 0.4519230769230769 0.78125 0.4519230769230769
9 0.6899038461538461 0.7692307692307693 0.78125 0.7692307692307693 0.78125 0.9471153846153846 0.6899038461538461 0.9471153846153846
10 0.6826923076923077 0.12259615384615384 0.7427884615384616 0.12259615384615384 0.7427884615384616 0.24278846153846154 0.6826923076923077 0.24278846153846154
10 0.6947115384615384 0.3125 0.7548076923076923 0.3125 0.7548076923076923 0.43028846153846156 0.6947115384615384 0.43028846153846156
10 0.6875 0.4182692307692308 0.7572115384615384 0.4182692307692308 0.7572115384615384 0.5384615384615384 0.6875 0.5384615384615384
10 0.5769230769230769 0.5504807692307693 0.6442307692307693 0.5504807692307693 0.6442307692307693 0.6754807692307693 0.5769230769230769 0.6754807692307693
2 0.12259615384615384 0.2091346153846154 0.21875 0.2091346153846154 0.21875 0.42788461538461536 0.12259615384615384 0.42788461538461536
6 0.3557692307692308 0.016826923076923076 0.4230769230769231 0.016826923076923076 0.4230769230769231 0.15865384615384615 0.3557692307692308 0.15865384615384615
1 0.4230769230769231 0.1658653846153846 0.49278846153846156 0.1658653846153846 0.49278846153846156 0.33413461538461536 0.4230769230769231 0.33413461538461536
6 0.41586538461538464 0.30528846153846156 0.4855769230769231 0.30528846153846156 0.4855769230769231 0.4423076923076923 0.41586538461538464 0.4423076923076923
3 0.5817307692307693 0.38221153846153844 0.6634615384615384 0.38221153846153844 0.6634615384615384 0.5576923076923077 0.5817307692307693 0.5576923076923077
3 0.6971153846153846 0.6129807692307693 0.7764423076923077 0.6129807692307693 0.7764423076923077 0.7836538461538461 0.6971153846153846 0.7836538461538461
4 0.5264423076923077 0.1346153846153846 0.5817307692307693 0.1346153846153846 0.5817307692307693 0.25721153846153844 0.5264423076923077 0.25721153846153844
4 0.3798076923076923 0.65625 0.44471153846153844 0.65625 0.44471153846153844 0.78125 0.3798076923076923 0.78125
4 0.23317307692307693 0.30528846153846156 0.2932692307692308 0.30528846153846156 0.2932692307692308 0.4254807692307692 0.23317307692307693 0.4254807692307692
4 0.31009615384615385 0.5216346153846154 0.37259615384615385 0.5216346153846154 0.37259615384615385 0.6442307692307693 0.31009615384615385 0.6442307692307693