11 0.2692307692307692 0.007211538461538462 0.3485576923076923 0.007211538461538462 0.3485576923076923 0.19951923076923078 0.2692307692307692 0.19951923076923078
12 0.11538461538461539 0 0.18990384615384615 0 0.18990384615384615 0.11778846153846154 0.11538461538461539 0.11778846153846154
7 0.10817307692307693 0.03125 0.1778846153846154 0.03125 0.1778846153846154 0.18509615384615385 0.10817307692307693 0.18509615384615385
8 0.08173076923076923 0.1658653846153846 0.1658653846153846 0.1658653846153846 0.1658653846153846 0.38461538461538464 0.08173076923076923 0.38461538461538464
9 0.16826923076923078 0.7019230769230769 0.25961538461538464 0.7019230769230769 0.25961538461538464 0.875 0.16826923076923078 0.875
10 0.20432692307692307 0.06490384615384616 0.2644230769230769 0.06490384615384616 0.2644230769230769 0.18028846153846154 0.20432692307692307 0.18028846153846154
10 0.19230769230769232 0.25 0.25240384615384615 0.25 0.25240384615384615 0.36538461538461536 0.19230769230769232 0.36538461538461536
10 0.19230769230769232 0.35336538461538464 0.25961538461538464 0.35336538461538464 0.25961538461538464 0.47115384615384615 0.19230769230769232 0.47115384615384615
10 0.30288461538461536 0.4855769230769231 0.3701923076923077 0.4855769230769231 0.3701923076923077 0.6081730769230769 0.30288461538461536 0.6081730769230769
2 0.7211538461538461 0.15625 0.8173076923076923 0.15625 0.8173076923076923 0.37259615384615385 0.7211538461538461 0.37259615384615385
6 0.5192307692307693 0 0.5865384615384616 0 0.5865384615384616 0.10336538461538461 0.5192307692307693 0.10336538461538461
1 0.4495192307692308 0.11057692307692307 0.5192307692307693 0.11057692307692307 0.5192307692307693 0.27403846153846156 0.4495192307692308 0.27403846153846156
6 0.4567307692307692 0.24519230769230768 0.5264423076923077 0.24519230769230768 0.5264423076923077 0.3798076923076923 0.4567307692307692 0.3798076923076923
3 0.28365384615384615 0.32211538461538464 0.36538461538461536 0.32211538461538464 0.36538461538461536 0.49278846153846156 0.28365384615384615 0.49278846153846156
3 0.17067307692307693 0.5456730769230769 0.25240384615384615 0.5456730769230769 0.25240384615384615 0.7139423076923077 0.17067307692307693 0.7139423076923077
4 0.3605769230769231 0.07692307692307693 0.41586538461538464 0.07692307692307693 0.41586538461538464 0.19471153846153846 0.3605769230769231 0.19471153846153846
4 0.5024038461538461 0.59375 0.5649038461538461 0.59375 0.5649038461538461 0.7163461538461539 0.5024038461538461 0.7163461538461539
4 0.6490384615384616 0.25 0.7067307692307693 0.25 0.7067307692307693 0.3701923076923077 0.6490384615384616 0.3701923076923077
4 0.5721153846153846 0.46153846153846156 0.6322115384615384 0.46153846153846156 0.6322115384615384 0.5817307692307693 0.5721153846153846 0.5817307692307693