11 0.31009615384615385 0.03125 0.38461538461538464 0.03125 0.38461538461538464 0.22115384615384615 0.31009615384615385 0.22115384615384615
12 0.16346153846153846 0.002403846153846154 0.23076923076923078 0.002403846153846154 0.23076923076923078 0.13942307692307693 0.16346153846153846 0.13942307692307693
7 0.15144230769230768 0.055288461538461536 0.21875 0.055288461538461536 0.21875 0.2091346153846154 0.15144230769230768 0.2091346153846154
8 0.1201923076923077 0.18990384615384615 0.20192307692307693 0.18990384615384615 0.20192307692307693 0.40625 0.1201923076923077 0.40625
9 0.18509615384615385 0.7139423076923077 0.2764423076923077 0.7139423076923077 0.2764423076923077 0.8870192307692307 0.18509615384615385 0.8870192307692307
10 0.24519230769230768 0.08653846153846154 0.30288461538461536 0.08653846153846154 0.30288461538461536 0.20432692307692307 0.24519230769230768 0.20432692307692307
10 0.2283653846153846 0.27163461538461536 0.28365384615384615 0.27163461538461536 0.28365384615384615 0.38461538461538464 0.2283653846153846 0.38461538461538464
10 0.22355769230769232 0.37259615384615385 0.29086538461538464 0.37259615384615385 0.29086538461538464 0.49038461538461536 0.22355769230769232 0.49038461538461536
10 0.3269230769230769 0.5 0.3918269230769231 0.5 0.3918269230769231 0.6225961538461539 0.3269230769230769 0.6225961538461539
2 0.75 0.16826923076923078 0.8413461538461539 0.16826923076923078 0.8413461538461539 0.38221153846153844 0.75 0.38221153846153844
6 0.5576923076923077 0 0.6225961538461539 0 0.6225961538461539 0.1201923076923077 0.5576923076923077 0.1201923076923077
1 0.4855769230769231 0.12740384615384615 0.5504807692307693 0.12740384615384615 0.5504807692307693 0.29086538461538464 0.4855769230769231 0.29086538461538464
6 0.4879807692307692 0.2620192307692308 0.5552884615384616 0.2620192307692308 0.5552884615384616 0.39663461538461536 0.4879807692307692 0.39663461538461536
3 0.31490384615384615 0.3389423076923077 0.3918269230769231 0.3389423076923077 0.3918269230769231 0.5072115384615384 0.31490384615384615 0.5072115384615384
3 0.1971153846153846 0.5625 0.27403846153846156 0.5625 0.27403846153846156 0.7283653846153846 0.1971153846153846 0.7283653846153846
4 0.4014423076923077 0.09615384615384616 0.4543269230769231 0.09615384615384616 0.4543269230769231 0.21394230769230768 0.4014423076923077 0.21394230769230768
4 0.5192307692307693 0.6033653846153846 0.5817307692307693 0.6033653846153846 0.5817307692307693 0.7259615384615384 0.5192307692307693 0.7259615384615384
4 0.6754807692307693 0.2620192307692308 0.7331730769230769 0.2620192307692308 0.7331730769230769 0.38221153846153844 0.6754807692307693 0.38221153846153844
4 0.59375 0.47115384615384615 0.6514423076923077 0.47115384615384615 0.6514423076923077 0.5913461538461539 0.59375 0.5913461538461539