12 0.5336538461538461 0.17307692307692307 0.59375 0.17307692307692307 0.59375 0.30288461538461536 0.5336538461538461 0.30288461538461536
8 0.6153846153846154 0.29086538461538464 0.6899038461538461 0.29086538461538464 0.6899038461538461 0.4951923076923077 0.6153846153846154 0.4951923076923077
10 0.5504807692307693 0.2668269230769231 0.6033653846153846 0.2668269230769231 0.6033653846153846 0.3798076923076923 0.5504807692307693 0.3798076923076923
10 0.6201923076923077 0.10576923076923077 0.6754807692307693 0.10576923076923077 0.6754807692307693 0.21634615384615385 0.6201923076923077 0.21634615384615385
10 0.7043269230769231 0.014423076923076924 0.7572115384615384 0.014423076923076924 0.7572115384615384 0.1201923076923077 0.7043269230769231 0.1201923076923077
10 0.7235576923076923 0.59375 0.7836538461538461 0.59375 0.7836538461538461 0.7091346153846154 0.7235576923076923 0.7091346153846154
2 0.31009615384615385 0.6322115384615384 0.3942307692307692 0.6322115384615384 0.3942307692307692 0.84375 0.31009615384615385 0.84375
6 0.12259615384615384 0.7091346153846154 0.20192307692307693 0.7091346153846154 0.20192307692307693 0.8509615384615384 0.12259615384615384 0.8509615384615384
5 0.37740384615384615 0.22115384615384615 0.4423076923076923 0.22115384615384615 0.4423076923076923 0.40384615384615385 0.37740384615384615 0.40384615384615385
4 0.30288461538461536 0.19230769230769232 0.3485576923076923 0.19230769230769232 0.3485576923076923 0.2980769230769231 0.30288461538461536 0.2980769230769231
4 0.46634615384615385 0.2692307692307692 0.5144230769230769 0.2692307692307692 0.5144230769230769 0.37740384615384615 0.46634615384615385 0.37740384615384615
4 0.3557692307692308 0.47836538461538464 0.4110576923076923 0.47836538461538464 0.4110576923076923 0.59375 0.3557692307692308 0.59375