2 0.19471153846153846 0.19951923076923078 0.27403846153846156 0.19951923076923078 0.27403846153846156 0.3942307692307692 0.19471153846153846 0.3942307692307692
5 0.17548076923076922 0.31490384615384615 0.2548076923076923 0.31490384615384615 0.2548076923076923 0.4879807692307692 0.17548076923076922 0.4879807692307692
3 0.15625 0.47596153846153844 0.23076923076923078 0.47596153846153844 0.23076923076923078 0.6033653846153846 0.15625 0.6033653846153846
3 0.20192307692307693 0.1778846153846154 0.2692307692307692 0.1778846153846154 0.2692307692307692 0.30288461538461536 0.20192307692307693 0.30288461538461536
1 0.15144230769230768 0.5841346153846154 0.22355769230769232 0.5841346153846154 0.22355769230769232 0.7283653846153846 0.15144230769230768 0.7283653846153846
1 0.23317307692307693 0.07692307692307693 0.2860576923076923 0.07692307692307693 0.2860576923076923 0.21875 0.23317307692307693 0.21875
6 0.24278846153846154 0.016826923076923076 0.3004807692307692 0.016826923076923076 0.3004807692307692 0.1346153846153846 0.24278846153846154 0.1346153846153846
6 0.12259615384615384 0.7211538461538461 0.20673076923076922 0.7211538461538461 0.20673076923076922 0.8581730769230769 0.12259615384615384 0.8581730769230769
4 0.24278846153846154 0.7355769230769231 0.30288461538461536 0.7355769230769231 0.30288461538461536 0.8461538461538461 0.24278846153846154 0.8461538461538461
4 0.25961538461538464 0.59375 0.3173076923076923 0.59375 0.3173076923076923 0.7043269230769231 0.25961538461538464 0.7043269230769231
4 0.28365384615384615 0.4951923076923077 0.3389423076923077 0.4951923076923077 0.3389423076923077 0.5985576923076923 0.28365384615384615 0.5985576923076923
4 0.2860576923076923 0.37740384615384615 0.33653846153846156 0.37740384615384615 0.33653846153846156 0.4807692307692308 0.2860576923076923 0.4807692307692308
4 0.2980769230769231 0.28846153846153844 0.3581730769230769 0.28846153846153844 0.3581730769230769 0.3942307692307692 0.2980769230769231 0.3942307692307692
4 0.30288461538461536 0.21153846153846154 0.35336538461538464 0.21153846153846154 0.35336538461538464 0.3173076923076923 0.30288461538461536 0.3173076923076923
4 0.3245192307692308 0.12259615384615384 0.375 0.12259615384615384 0.375 0.22355769230769232 0.3245192307692308 0.22355769230769232
4 0.3269230769230769 0.03125 0.3701923076923077 0.03125 0.3701923076923077 0.1346153846153846 0.3269230769230769 0.1346153846153846
11 0.8028846153846154 0.2403846153846154 0.875 0.2403846153846154 0.875 0.4206730769230769 0.8028846153846154 0.4206730769230769
8 0.8173076923076923 0.3125 0.8990384615384616 0.3125 0.8990384615384616 0.5120192307692307 0.8173076923076923 0.5120192307692307
9 0.8125 0.18509615384615385 0.8774038461538461 0.18509615384615385 0.8774038461538461 0.31009615384615385 0.8125 0.31009615384615385
9 0.8245192307692307 0.4807692307692308 0.90625 0.4807692307692308 0.90625 0.6225961538461539 0.8245192307692307 0.6225961538461539
7 0.7956730769230769 0.07211538461538461 0.8605769230769231 0.07211538461538461 0.8605769230769231 0.21875 0.7956730769230769 0.21875
7 0.8485576923076923 0.6009615384615384 0.9230769230769231 0.6009615384615384 0.9230769230769231 0.7475961538461539 0.8485576923076923 0.7475961538461539
12 0.7860576923076923 0.03125 0.8461538461538461 0.03125 0.8461538461538461 0.14903846153846154 0.7860576923076923 0.14903846153846154
12 0.8533653846153846 0.75 0.9350961538461539 0.75 0.9350961538461539 0.8918269230769231 0.8533653846153846 0.8918269230769231
10 0.7163461538461539 0.038461538461538464 0.7692307692307693 0.038461538461538464 0.7692307692307693 0.13942307692307693 0.7163461538461539 0.13942307692307693
10 0.7115384615384616 0.11538461538461539 0.7620192307692307 0.11538461538461539 0.7620192307692307 0.22115384615384615 0.7115384615384616 0.22115384615384615
10 0.7259615384615384 0.20192307692307693 0.7788461538461539 0.20192307692307693 0.7788461538461539 0.31009615384615385 0.7259615384615384 0.31009615384615385
10 0.7283653846153846 0.29086538461538464 0.7836538461538461 0.29086538461538464 0.7836538461538461 0.39663461538461536 0.7283653846153846 0.39663461538461536
10 0.7283653846153846 0.38461538461538464 0.7884615384615384 0.38461538461538464 0.7884615384615384 0.49759615384615385 0.7283653846153846 0.49759615384615385
10 0.7548076923076923 0.7596153846153846 0.8197115384615384 0.7596153846153846 0.8197115384615384 0.8725961538461539 0.7548076923076923 0.8725961538461539
10 0.7475961538461539 0.6153846153846154 0.8100961538461539 0.6153846153846154 0.8100961538461539 0.7355769230769231 0.7475961538461539 0.7355769230769231
10 0.5576923076923077 0.5048076923076923 0.6129807692307693 0.5048076923076923 0.6129807692307693 0.6201923076923077 0.5576923076923077 0.6201923076923077