2 0.15144230769230768 0.16346153846153846 0.23076923076923078 0.16346153846153846 0.23076923076923078 0.36538461538461536 0.15144230769230768 0.36538461538461536
5 0.12740384615384615 0.2860576923076923 0.2091346153846154 0.2860576923076923 0.2091346153846154 0.4639423076923077 0.12740384615384615 0.4639423076923077
3 0.10817307692307693 0.4519230769230769 0.18509615384615385 0.4519230769230769 0.18509615384615385 0.5865384615384616 0.10817307692307693 0.5865384615384616
3 0.15865384615384615 0.14182692307692307 0.22596153846153846 0.14182692307692307 0.22596153846153846 0.27163461538461536 0.15865384615384615 0.27163461538461536
1 0.10336538461538461 0.5673076923076923 0.17548076923076922 0.5673076923076923 0.17548076923076922 0.7163461538461539 0.10336538461538461 0.7163461538461539
1 0.18990384615384615 0.036057692307692304 0.24519230769230768 0.036057692307692304 0.24519230769230768 0.18269230769230768 0.18990384615384615 0.18269230769230768
6 0.20192307692307693 0 0.2620192307692308 0 0.2620192307692308 0.09615384615384616 0.20192307692307693 0.09615384615384616
6 0.07211538461538461 0.7091346153846154 0.15865384615384615 0.7091346153846154 0.15865384615384615 0.8509615384615384 0.07211538461538461 0.8509615384615384
4 0.19471153846153846 0.7211538461538461 0.25721153846153844 0.7211538461538461 0.25721153846153844 0.8365384615384616 0.19471153846153846 0.8365384615384616
4 0.21634615384615385 0.5697115384615384 0.27403846153846156 0.5697115384615384 0.27403846153846156 0.6875 0.21634615384615385 0.6875
4 0.2403846153846154 0.46634615384615385 0.2956730769230769 0.46634615384615385 0.2956730769230769 0.5769230769230769 0.2403846153846154 0.5769230769230769
4 0.24278846153846154 0.34615384615384615 0.2980769230769231 0.34615384615384615 0.2980769230769231 0.4543269230769231 0.24278846153846154 0.4543269230769231
4 0.25721153846153844 0.2548076923076923 0.3173076923076923 0.2548076923076923 0.3173076923076923 0.3629807692307692 0.25721153846153844 0.3629807692307692
4 0.2620192307692308 0.17548076923076922 0.31490384615384615 0.17548076923076922 0.31490384615384615 0.28365384615384615 0.2620192307692308 0.28365384615384615
4 0.28365384615384615 0.07932692307692307 0.33653846153846156 0.07932692307692307 0.33653846153846156 0.18509615384615385 0.28365384615384615 0.18509615384615385
4 0.2860576923076923 0 0.3317307692307692 0 0.3317307692307692 0.09375 0.2860576923076923 0.09375
11 0.78125 0.18509615384615385 0.8581730769230769 0.18509615384615385 0.8581730769230769 0.3701923076923077 0.78125 0.3701923076923077
8 0.7956730769230769 0.25961538461538464 0.8798076923076923 0.25961538461538464 0.8798076923076923 0.46634615384615385 0.7956730769230769 0.46634615384615385
9 0.7908653846153846 0.125 0.8581730769230769 0.125 0.8581730769230769 0.25721153846153844 0.7908653846153846 0.25721153846153844
9 0.8004807692307693 0.4326923076923077 0.8870192307692307 0.4326923076923077 0.8870192307692307 0.5817307692307693 0.8004807692307693 0.5817307692307693
7 0.7740384615384616 0.009615384615384616 0.8389423076923077 0.009615384615384616 0.8389423076923077 0.16346153846153846 0.7740384615384616 0.16346153846153846
7 0.8269230769230769 0.5552884615384616 0.9014423076923077 0.5552884615384616 0.9014423076923077 0.7091346153846154 0.8269230769230769 0.7091346153846154
12 0.7644230769230769 0 0.8269230769230769 0 0.8269230769230769 0.09375 0.7644230769230769 0.09375
12 0.8317307692307693 0.7115384615384616 0.9158653846153846 0.7115384615384616 0.9158653846153846 0.8605769230769231 0.8317307692307693 0.8605769230769231
10 0.6923076923076923 0 0.7475961538461539 0 0.7475961538461539 0.08413461538461539 0.6923076923076923 0.08413461538461539
10 0.6875 0.057692307692307696 0.7403846153846154 0.057692307692307696 0.7403846153846154 0.16826923076923078 0.6875 0.16826923076923078
10 0.6995192307692307 0.14903846153846154 0.7572115384615384 0.14903846153846154 0.7572115384615384 0.25961538461538464 0.6995192307692307 0.25961538461538464
10 0.7043269230769231 0.23798076923076922 0.7620192307692307 0.23798076923076922 0.7620192307692307 0.3485576923076923 0.7043269230769231 0.3485576923076923
10 0.7019230769230769 0.33653846153846156 0.7644230769230769 0.33653846153846156 0.7644230769230769 0.4567307692307692 0.7019230769230769 0.4567307692307692
10 0.7283653846153846 0.7259615384615384 0.7956730769230769 0.7259615384615384 0.7956730769230769 0.84375 0.7283653846153846 0.84375
10 0.7211538461538461 0.5745192307692307 0.7860576923076923 0.5745192307692307 0.7860576923076923 0.6995192307692307 0.7211538461538461 0.6995192307692307
10 0.5240384615384616 0.46634615384615385 0.5841346153846154 0.46634615384615385 0.5841346153846154 0.5889423076923077 0.5240384615384616 0.5889423076923077