6 0.8197115384615384 0.7163461538461539 0.8990384615384616 0.7163461538461539 0.8990384615384616 0.8533653846153846 0.8197115384615384 0.8533653846153846
2 0.7379807692307693 0.19471153846153846 0.8149038461538461 0.19471153846153846 0.8149038461538461 0.4014423076923077 0.7379807692307693 0.4014423076923077
6 0.7115384615384616 0.021634615384615384 0.7668269230769231 0.021634615384615384 0.7668269230769231 0.14423076923076922 0.7115384615384616 0.14423076923076922
5 0.49278846153846156 0.33413461538461536 0.5552884615384616 0.33413461538461536 0.5552884615384616 0.5144230769230769 0.49278846153846156 0.5144230769230769
3 0.6129807692307693 0.5841346153846154 0.6778846153846154 0.5841346153846154 0.6778846153846154 0.7331730769230769 0.6129807692307693 0.7331730769230769
3 0.5745192307692307 0.2644230769230769 0.6298076923076923 0.2644230769230769 0.6298076923076923 0.40384615384615385 0.5745192307692307 0.40384615384615385
4 0.7235576923076923 0.7259615384615384 0.7836538461538461 0.7259615384615384 0.7836538461538461 0.8461538461538461 0.7235576923076923 0.8461538461538461
4 0.5865384615384616 0.4855769230769231 0.6394230769230769 0.4855769230769231 0.6394230769230769 0.59375 0.5865384615384616 0.59375
4 0.5216346153846154 0.6153846153846154 0.5769230769230769 0.6153846153846154 0.5769230769230769 0.7259615384615384 0.5216346153846154 0.7259615384615384
4 0.6658653846153846 0.29086538461538464 0.7163461538461539 0.29086538461538464 0.7163461538461539 0.39903846153846156 0.6658653846153846 0.39903846153846156
4 0.49278846153846156 0.2091346153846154 0.5456730769230769 0.2091346153846154 0.5456730769230769 0.3173076923076923 0.49278846153846156 0.3173076923076923
4 0.5552884615384616 0.11778846153846154 0.6057692307692307 0.11778846153846154 0.6057692307692307 0.22596153846153846 0.5552884615384616 0.22596153846153846
1 0.6298076923076923 0.007211538461538462 0.6826923076923077 0.007211538461538462 0.6826923076923077 0.1466346153846154 0.6298076923076923 0.1466346153846154
1 0.33413461538461536 0.4735576923076923 0.3918269230769231 0.4735576923076923 0.3918269230769231 0.6201923076923077 0.33413461538461536 0.6201923076923077
7 0.15384615384615385 0.07932692307692307 0.21634615384615385 0.07932692307692307 0.21634615384615385 0.22355769230769232 0.15384615384615385 0.22355769230769232
12 0.17067307692307693 0.028846153846153848 0.22355769230769232 0.028846153846153848 0.22355769230769232 0.14903846153846154 0.17067307692307693 0.14903846153846154
8 0.125 0.3076923076923077 0.20192307692307693 0.3076923076923077 0.20192307692307693 0.5072115384615384 0.125 0.5072115384615384
11 0.31490384615384615 0.055288461538461536 0.37740384615384615 0.055288461538461536 0.37740384615384615 0.23557692307692307 0.31490384615384615 0.23557692307692307
9 0.32211538461538464 0.2644230769230769 0.38461538461538464 0.2644230769230769 0.38461538461538464 0.39903846153846156 0.32211538461538464 0.39903846153846156
9 0.12740384615384615 0.4807692307692308 0.20192307692307693 0.4807692307692308 0.20192307692307693 0.6177884615384616 0.12740384615384615 0.6177884615384616
7 0.11057692307692307 0.59375 0.18269230769230768 0.59375 0.18269230769230768 0.7403846153846154 0.11057692307692307 0.7403846153846154
10 0.22596153846153846 0.6177884615384616 0.28125 0.6177884615384616 0.28125 0.7331730769230769 0.22596153846153846 0.7331730769230769
10 0.23076923076923078 0.3870192307692308 0.2932692307692308 0.3870192307692308 0.2932692307692308 0.49759615384615385 0.23076923076923078 0.49759615384615385
10 0.23557692307692307 0.2860576923076923 0.2860576923076923 0.2860576923076923 0.2860576923076923 0.39663461538461536 0.23557692307692307 0.39663461538461536
10 0.24759615384615385 0.11538461538461539 0.3004807692307692 0.11538461538461539 0.3004807692307692 0.22596153846153846 0.24759615384615385 0.22596153846153846
10 0.3894230769230769 0.028846153846153848 0.43990384615384615 0.028846153846153848 0.43990384615384615 0.13942307692307693 0.3894230769230769 0.13942307692307693
10 0.39663461538461536 0.19230769230769232 0.44711538461538464 0.19230769230769232 0.44711538461538464 0.2980769230769231 0.39663461538461536 0.2980769230769231