6 0.8605769230769231 0.7235576923076923 0.9447115384615384 0.7235576923076923 0.9447115384615384 0.8653846153846154 0.8605769230769231 0.8653846153846154
2 0.7668269230769231 0.18509615384615385 0.8509615384615384 0.18509615384615385 0.8509615384615384 0.39663461538461536 0.7668269230769231 0.39663461538461536
6 0.7355769230769231 0.004807692307692308 0.7956730769230769 0.004807692307692308 0.7956730769230769 0.13221153846153846 0.7355769230769231 0.13221153846153846
5 0.5168269230769231 0.3269230769230769 0.5817307692307693 0.3269230769230769 0.5817307692307693 0.5120192307692307 0.5168269230769231 0.5120192307692307
3 0.6442307692307693 0.5841346153846154 0.7139423076923077 0.5841346153846154 0.7139423076923077 0.7403846153846154 0.6442307692307693 0.7403846153846154
3 0.5985576923076923 0.2548076923076923 0.6586538461538461 0.2548076923076923 0.6586538461538461 0.4014423076923077 0.5985576923076923 0.4014423076923077
4 0.7620192307692307 0.7331730769230769 0.8245192307692307 0.7331730769230769 0.8245192307692307 0.8557692307692307 0.7620192307692307 0.8557692307692307
4 0.6177884615384616 0.4855769230769231 0.6730769230769231 0.4855769230769231 0.6730769230769231 0.59375 0.6177884615384616 0.59375
4 0.5504807692307693 0.6153846153846154 0.6105769230769231 0.6153846153846154 0.6105769230769231 0.7307692307692307 0.5504807692307693 0.7307692307692307
4 0.6947115384615384 0.28365384615384615 0.75 0.28365384615384615 0.75 0.39663461538461536 0.6947115384615384 0.39663461538461536
4 0.5120192307692307 0.1971153846153846 0.5697115384615384 0.1971153846153846 0.5697115384615384 0.31009615384615385 0.5120192307692307 0.31009615384615385
4 0.5745192307692307 0.10576923076923077 0.6322115384615384 0.10576923076923077 0.6322115384615384 0.21394230769230768 0.5745192307692307 0.21394230769230768
1 0.6514423076923077 0.004807692307692308 0.7091346153846154 0.004807692307692308 0.7091346153846154 0.1346153846153846 0.6514423076923077 0.1346153846153846
1 0.35336538461538464 0.46875 0.41586538461538464 0.46875 0.41586538461538464 0.6177884615384616 0.35336538461538464 0.6177884615384616
7 0.16346153846153846 0.06009615384615385 0.2283653846153846 0.06009615384615385 0.2283653846153846 0.20673076923076922 0.16346153846153846 0.20673076923076922
12 0.1778846153846154 0.007211538461538462 0.23557692307692307 0.007211538461538462 0.23557692307692307 0.13221153846153846 0.1778846153846154 0.13221153846153846
8 0.13701923076923078 0.2956730769230769 0.21875 0.2956730769230769 0.21875 0.5 0.13701923076923078 0.5
11 0.3269230769230769 0.036057692307692304 0.39663461538461536 0.036057692307692304 0.39663461538461536 0.22355769230769232 0.3269230769230769 0.22355769230769232
9 0.3389423076923077 0.25240384615384615 0.40384615384615385 0.25240384615384615 0.40384615384615385 0.3918269230769231 0.3389423076923077 0.3918269230769231
9 0.14182692307692307 0.4735576923076923 0.22115384615384615 0.4735576923076923 0.22115384615384615 0.6153846153846154 0.14182692307692307 0.6153846153846154
7 0.12740384615384615 0.5889423076923077 0.20192307692307693 0.5889423076923077 0.20192307692307693 0.7403846153846154 0.12740384615384615 0.7403846153846154
10 0.24759615384615385 0.6153846153846154 0.30528846153846156 0.6153846153846154 0.30528846153846156 0.7331730769230769 0.24759615384615385 0.7331730769230769
10 0.24519230769230768 0.37740384615384615 0.3125 0.37740384615384615 0.3125 0.49038461538461536 0.24519230769230768 0.49038461538461536
10 0.25 0.27163461538461536 0.30528846153846156 0.27163461538461536 0.30528846153846156 0.3870192307692308 0.25 0.3870192307692308
10 0.25721153846153844 0.0985576923076923 0.3173076923076923 0.0985576923076923 0.3173076923076923 0.21394230769230768 0.25721153846153844 0.21394230769230768
10 0.40384615384615385 0.01201923076923077 0.45913461538461536 0.01201923076923077 0.45913461538461536 0.12259615384615384 0.40384615384615385 0.12259615384615384
10 0.41586538461538464 0.1778846153846154 0.47115384615384615 0.1778846153846154 0.47115384615384615 0.28846153846153844 0.41586538461538464 0.28846153846153844