12 0.32211538461538464 0.7283653846153846 0.39663461538461536 0.7283653846153846 0.39663461538461536 0.8774038461538461 0.32211538461538464 0.8774038461538461
6 0.10817307692307693 0.7355769230769231 0.1875 0.7355769230769231 0.1875 0.8798076923076923 0.10817307692307693 0.8798076923076923
2 0.23317307692307693 0.5456730769230769 0.32211538461538464 0.5456730769230769 0.32211538461538464 0.7668269230769231 0.23317307692307693 0.7668269230769231
5 0.3798076923076923 0.23076923076923078 0.4543269230769231 0.23076923076923078 0.4543269230769231 0.4182692307692308 0.3798076923076923 0.4182692307692308
4 0.30288461538461536 0.19471153846153846 0.3557692307692308 0.19471153846153846 0.3557692307692308 0.3076923076923077 0.30288461538461536 0.3076923076923077
4 0.3581730769230769 0.5 0.4182692307692308 0.5 0.4182692307692308 0.6225961538461539 0.3581730769230769 0.6225961538461539
4 0.47836538461538464 0.28125 0.53125 0.28125 0.53125 0.3918269230769231 0.47836538461538464 0.3918269230769231
6 0.7283653846153846 0.47596153846153844 0.7980769230769231 0.47596153846153844 0.7980769230769231 0.625 0.7283653846153846 0.625
8 0.6322115384615384 0.31009615384615385 0.7115384615384616 0.31009615384615385 0.7115384615384616 0.5144230769230769 0.6322115384615384 0.5144230769230769
12 0.8269230769230769 0.1778846153846154 0.8990384615384616 0.1778846153846154 0.8990384615384616 0.31009615384615385 0.8269230769230769 0.31009615384615385
10 0.5649038461538461 0.27884615384615385 0.6177884615384616 0.27884615384615385 0.6177884615384616 0.39663461538461536 0.5649038461538461 0.39663461538461536
10 0.6442307692307693 0.11538461538461539 0.6947115384615384 0.11538461538461539 0.6947115384615384 0.23076923076923078 0.6442307692307693 0.23076923076923078
10 0.7379807692307693 0.014423076923076924 0.7908653846153846 0.014423076923076924 0.7908653846153846 0.125 0.7379807692307693 0.125
10 0.7427884615384616 0.6298076923076923 0.8076923076923077 0.6298076923076923 0.8076923076923077 0.7451923076923077 0.7427884615384616 0.7451923076923077