12 0.6153846153846154 0.6971153846153846 0.6875 0.6971153846153846 0.6875 0.8413461538461539 0.6153846153846154 0.8413461538461539
6 0.8149038461538461 0.6995192307692307 0.8894230769230769 0.6995192307692307 0.8894230769230769 0.8365384615384616 0.8149038461538461 0.8365384615384616
2 0.6899038461538461 0.5216346153846154 0.7740384615384616 0.5216346153846154 0.7740384615384616 0.7331730769230769 0.6899038461538461 0.7331730769230769
5 0.5625 0.22596153846153846 0.6346153846153846 0.22596153846153846 0.6346153846153846 0.40625 0.5625 0.40625
4 0.65625 0.18990384615384615 0.7043269230769231 0.18990384615384615 0.7043269230769231 0.2980769230769231 0.65625 0.2980769230769231
4 0.5961538461538461 0.4831730769230769 0.6514423076923077 0.4831730769230769 0.6514423076923077 0.5985576923076923 0.5961538461538461 0.5985576923076923
4 0.49038461538461536 0.2764423076923077 0.5408653846153846 0.2764423076923077 0.5408653846153846 0.3798076923076923 0.49038461538461536 0.3798076923076923
6 0.23557692307692307 0.46634615384615385 0.3004807692307692 0.46634615384615385 0.3004807692307692 0.6105769230769231 0.23557692307692307 0.6105769230769231
8 0.3173076923076923 0.30528846153846156 0.3942307692307692 0.30528846153846156 0.3942307692307692 0.5024038461538461 0.3173076923076923 0.5024038461538461
12 0.13942307692307693 0.18509615384615385 0.2091346153846154 0.18509615384615385 0.2091346153846154 0.3125 0.13942307692307693 0.3125
10 0.40625 0.2764423076923077 0.4567307692307692 0.2764423076923077 0.4567307692307692 0.3870192307692308 0.40625 0.3870192307692308
10 0.33413461538461536 0.12259615384615384 0.38221153846153844 0.12259615384615384 0.38221153846153844 0.23317307692307693 0.33413461538461536 0.23317307692307693
10 0.24278846153846154 0.03125 0.2932692307692308 0.03125 0.2932692307692308 0.1346153846153846 0.24278846153846154 0.1346153846153846
10 0.2283653846153846 0.6129807692307693 0.28846153846153844 0.6129807692307693 0.28846153846153844 0.7235576923076923 0.2283653846153846 0.7235576923076923