6 0.3798076923076923 0 0.4375 0 0.4375 0.10576923076923077 0.3798076923076923 0.10576923076923077
6 0.0985576923076923 0.6586538461538461 0.1778846153846154 0.6586538461538461 0.1778846153846154 0.8004807692307693 0.0985576923076923 0.8004807692307693
2 0.15144230769230768 0.25 0.23557692307692307 0.25 0.23557692307692307 0.4567307692307692 0.15144230769230768 0.4567307692307692
5 0.3581730769230769 0.18509615384615385 0.4326923076923077 0.18509615384615385 0.4326923076923077 0.3629807692307692 0.3581730769230769 0.3629807692307692
4 0.30528846153846156 0.0673076923076923 0.35096153846153844 0.0673076923076923 0.35096153846153844 0.17307692307692307 0.30528846153846156 0.17307692307692307
4 0.28846153846153844 0.15144230769230768 0.3389423076923077 0.15144230769230768 0.3389423076923077 0.2620192307692308 0.28846153846153844 0.2620192307692308
4 0.2620192307692308 0.3269230769230769 0.3173076923076923 0.3269230769230769 0.3173076923076923 0.4423076923076923 0.2620192307692308 0.4423076923076923
4 0.34134615384615385 0.4375 0.3942307692307692 0.4375 0.3942307692307692 0.5480769230769231 0.34134615384615385 0.5480769230769231
4 0.4495192307692308 0.2283653846153846 0.5048076923076923 0.2283653846153846 0.5048076923076923 0.3389423076923077 0.4495192307692308 0.3389423076923077
4 0.4543269230769231 0 0.5048076923076923 0 0.5048076923076923 0.09134615384615384 0.4543269230769231 0.09134615384615384
3 0.37740384615384615 0.040865384615384616 0.43028846153846156 0.040865384615384616 0.43028846153846156 0.18028846153846154 0.37740384615384615 0.18028846153846154
3 0.5216346153846154 0.3076923076923077 0.5961538461538461 0.3076923076923077 0.5961538461538461 0.4519230769230769 0.5216346153846154 0.4519230769230769
11 0.6009615384615384 0.18990384615384615 0.6754807692307693 0.18990384615384615 0.6754807692307693 0.36538461538461536 0.6009615384615384 0.36538461538461536
12 0.7668269230769231 0 0.8317307692307693 0 0.8317307692307693 0.0889423076923077 0.7668269230769231 0.0889423076923077
12 0.7067307692307693 0.6706730769230769 0.7788461538461539 0.6706730769230769 0.7788461538461539 0.8100961538461539 0.7067307692307693 0.8100961538461539
8 0.7956730769230769 0.24519230769230768 0.8798076923076923 0.24519230769230768 0.8798076923076923 0.44711538461538464 0.7956730769230769 0.44711538461538464
7 0.8100961538461539 0.40384615384615385 0.8894230769230769 0.40384615384615385 0.8894230769230769 0.5456730769230769 0.8100961538461539 0.5456730769230769
9 0.6009615384615384 0.10336538461538461 0.6658653846153846 0.10336538461538461 0.6658653846153846 0.24278846153846154 0.6009615384615384 0.24278846153846154
9 0.7956730769230769 0.5240384615384616 0.8774038461538461 0.5240384615384616 0.8774038461538461 0.6730769230769231 0.7956730769230769 0.6730769230769231
10 0.5336538461538461 0.22596153846153846 0.5865384615384616 0.22596153846153846 0.5865384615384616 0.33413461538461536 0.5336538461538461 0.33413461538461536
10 0.6971153846153846 0 0.7451923076923077 0 0.7451923076923077 0.08413461538461539 0.6971153846153846 0.08413461538461539
10 0.6899038461538461 0.13701923076923078 0.7427884615384616 0.13701923076923078 0.7427884615384616 0.25 0.6899038461538461 0.25
10 0.7043269230769231 0.5432692307692307 0.7668269230769231 0.5432692307692307 0.7668269230769231 0.6682692307692307 0.7043269230769231 0.6682692307692307
10 0.5144230769230769 0.6682692307692307 0.5793269230769231 0.6682692307692307 0.5793269230769231 0.7908653846153846 0.5144230769230769 0.7908653846153846