6 0.5456730769230769 0 0.6057692307692307 0 0.6057692307692307 0.0889423076923077 0.5456730769230769 0.0889423076923077
6 0.7884615384615384 0.6418269230769231 0.8701923076923077 0.6418269230769231 0.8701923076923077 0.7860576923076923 0.7884615384615384 0.7860576923076923
2 0.7403846153846154 0.2283653846153846 0.8269230769230769 0.2283653846153846 0.8269230769230769 0.4375 0.7403846153846154 0.4375
5 0.5456730769230769 0.16346153846153846 0.6225961538461539 0.16346153846153846 0.6225961538461539 0.34375 0.5456730769230769 0.34375
4 0.6322115384615384 0.04807692307692308 0.6802884615384616 0.04807692307692308 0.6802884615384616 0.15384615384615385 0.6322115384615384 0.15384615384615385
4 0.6418269230769231 0.12980769230769232 0.6923076923076923 0.12980769230769232 0.6923076923076923 0.24278846153846154 0.6418269230769231 0.24278846153846154
4 0.6586538461538461 0.3076923076923077 0.7163461538461539 0.3076923076923077 0.7163461538461539 0.4254807692307692 0.6586538461538461 0.4254807692307692
4 0.5769230769230769 0.4206730769230769 0.6322115384615384 0.4206730769230769 0.6322115384615384 0.5336538461538461 0.5769230769230769 0.5336538461538461
4 0.47115384615384615 0.21153846153846154 0.5288461538461539 0.21153846153846154 0.5288461538461539 0.3245192307692308 0.47115384615384615 0.3245192307692308
4 0.4807692307692308 0 0.53125 0 0.53125 0.07451923076923077 0.4807692307692308 0.07451923076923077
3 0.5528846153846154 0.021634615384615384 0.6081730769230769 0.021634615384615384 0.6081730769230769 0.16105769230769232 0.5528846153846154 0.16105769230769232
3 0.37740384615384615 0.29086538461538464 0.4519230769230769 0.29086538461538464 0.4519230769230769 0.4375 0.37740384615384615 0.4375
11 0.2980769230769231 0.17307692307692307 0.375 0.17307692307692307 0.375 0.35336538461538464 0.2980769230769231 0.35336538461538464
12 0.14903846153846154 0 0.21153846153846154 0 0.21153846153846154 0.07692307692307693 0.14903846153846154 0.07692307692307693
12 0.18028846153846154 0.6610576923076923 0.25721153846153844 0.6610576923076923 0.25721153846153844 0.8052884615384616 0.18028846153846154 0.8052884615384616
8 0.09134615384615384 0.23317307692307693 0.17548076923076922 0.23317307692307693 0.17548076923076922 0.43990384615384615 0.09134615384615384 0.43990384615384615
7 0.07932692307692307 0.3942307692307692 0.15865384615384615 0.3942307692307692 0.15865384615384615 0.5384615384615384 0.07932692307692307 0.5384615384615384
9 0.3125 0.08653846153846154 0.37740384615384615 0.08653846153846154 0.37740384615384615 0.23076923076923078 0.3125 0.23076923076923078
9 0.08413461538461539 0.5144230769230769 0.16826923076923078 0.5144230769230769 0.16826923076923078 0.6682692307692307 0.08413461538461539 0.6682692307692307
10 0.3894230769230769 0.2091346153846154 0.4423076923076923 0.2091346153846154 0.4423076923076923 0.32211538461538464 0.3894230769230769 0.32211538461538464
10 0.23557692307692307 0 0.2860576923076923 0 0.2860576923076923 0.06971153846153846 0.23557692307692307 0.06971153846153846
10 0.23317307692307693 0.125 0.2860576923076923 0.125 0.2860576923076923 0.2403846153846154 0.23317307692307693 0.2403846153846154
10 0.1971153846153846 0.5336538461538461 0.25961538461538464 0.5336538461538461 0.25961538461538464 0.6610576923076923 0.1971153846153846 0.6610576923076923
10 0.38461538461538464 0.6586538461538461 0.4495192307692308 0.6586538461538461 0.4495192307692308 0.78125 0.38461538461538464 0.78125