6 0.3629807692307692 0.007211538461538462 0.4254807692307692 0.007211538461538462 0.4254807692307692 0.13701923076923078 0.3629807692307692 0.13701923076923078
6 0.05048076923076923 0.7091346153846154 0.13701923076923078 0.7091346153846154 0.13701923076923078 0.8605769230769231 0.05048076923076923 0.8605769230769231
2 0.11778846153846154 0.28365384615384615 0.2091346153846154 0.28365384615384615 0.2091346153846154 0.5 0.11778846153846154 0.5
5 0.33413461538461536 0.21634615384615385 0.41346153846153844 0.21634615384615385 0.41346153846153844 0.40384615384615385 0.33413461538461536 0.40384615384615385
4 0.28125 0.09375 0.33413461538461536 0.09375 0.33413461538461536 0.20432692307692307 0.28125 0.20432692307692307
4 0.2644230769230769 0.18028846153846154 0.3173076923076923 0.18028846153846154 0.3173076923076923 0.2980769230769231 0.2644230769230769 0.2980769230769231
4 0.23076923076923078 0.36538461538461536 0.29086538461538464 0.36538461538461536 0.29086538461538464 0.4855769230769231 0.23076923076923078 0.4855769230769231
4 0.31009615384615385 0.4807692307692308 0.36778846153846156 0.4807692307692308 0.36778846153846156 0.5985576923076923 0.31009615384615385 0.5985576923076923
4 0.43028846153846156 0.2644230769230769 0.49038461538461536 0.2644230769230769 0.49038461538461536 0.38221153846153844 0.43028846153846156 0.38221153846153844
4 0.4423076923076923 0.01201923076923077 0.4951923076923077 0.01201923076923077 0.4951923076923077 0.12259615384615384 0.4423076923076923 0.12259615384615384
3 0.3581730769230769 0.0673076923076923 0.41586538461538464 0.0673076923076923 0.41586538461538464 0.21394230769230768 0.3581730769230769 0.21394230769230768
3 0.5024038461538461 0.3485576923076923 0.5817307692307693 0.3485576923076923 0.5817307692307693 0.5 0.5024038461538461 0.5
11 0.5865384615384616 0.22596153846153846 0.6706730769230769 0.22596153846153846 0.6706730769230769 0.4110576923076923 0.5865384615384616 0.4110576923076923
12 0.7692307692307693 0.014423076923076924 0.8365384615384616 0.014423076923076924 0.8365384615384616 0.125 0.7692307692307693 0.125
12 0.6850961538461539 0.7307692307692307 0.7668269230769231 0.7307692307692307 0.7668269230769231 0.8798076923076923 0.6850961538461539 0.8798076923076923
8 0.7884615384615384 0.28846153846153844 0.8822115384615384 0.28846153846153844 0.8822115384615384 0.5 0.7884615384615384 0.5
7 0.8004807692307693 0.4543269230769231 0.8870192307692307 0.4543269230769231 0.8870192307692307 0.6057692307692307 0.8004807692307693 0.6057692307692307
9 0.5913461538461539 0.13701923076923078 0.6610576923076923 0.13701923076923078 0.6610576923076923 0.28365384615384615 0.5913461538461539 0.28365384615384615
9 0.7836538461538461 0.5793269230769231 0.8725961538461539 0.5793269230769231 0.8725961538461539 0.7355769230769231 0.7836538461538461 0.7355769230769231
10 0.5168269230769231 0.2644230769230769 0.5769230769230769 0.2644230769230769 0.5769230769230769 0.37740384615384615 0.5168269230769231 0.37740384615384615
10 0.6923076923076923 0.01201923076923077 0.7451923076923077 0.01201923076923077 0.7451923076923077 0.11778846153846154 0.6923076923076923 0.11778846153846154
10 0.6826923076923077 0.17548076923076922 0.7403846153846154 0.17548076923076922 0.7403846153846154 0.2932692307692308 0.6826923076923077 0.2932692307692308
10 0.6875 0.5985576923076923 0.7572115384615384 0.5985576923076923 0.7572115384615384 0.7307692307692307 0.6875 0.7307692307692307
10 0.4855769230769231 0.7259615384615384 0.5552884615384616 0.7259615384615384 0.5552884615384616 0.8557692307692307 0.4855769230769231 0.8557692307692307