2 0.7475961538461539 0.2283653846153846 0.8365384615384616 0.2283653846153846 0.8365384615384616 0.4375 0.7475961538461539 0.4375
6 0.22596153846153846 0.007211538461538462 0.2860576923076923 0.007211538461538462 0.2860576923076923 0.1346153846153846 0.22596153846153846 0.1346153846153846
8 0.10817307692307693 0.2091346153846154 0.19471153846153846 0.2091346153846154 0.19471153846153846 0.43028846153846156 0.10817307692307693 0.43028846153846156
12 0.40865384615384615 0.29086538461538464 0.4639423076923077 0.29086538461538464 0.4639423076923077 0.4254807692307692 0.40865384615384615 0.4254807692307692
7 0.40865384615384615 0.3798076923076923 0.47596153846153844 0.3798076923076923 0.47596153846153844 0.53125 0.40865384615384615 0.53125
10 0.32211538461538464 0.53125 0.38221153846153844 0.53125 0.38221153846153844 0.6490384615384616 0.32211538461538464 0.6490384615384616
10 0.23317307692307693 0.11778846153846154 0.28846153846153844 0.11778846153846154 0.28846153846153844 0.23317307692307693 0.23317307692307693 0.23317307692307693
10 0.22115384615384615 0.2956730769230769 0.27884615384615385 0.2956730769230769 0.27884615384615385 0.41346153846153844 0.22115384615384615 0.41346153846153844
4 0.3125 0.40625 0.3701923076923077 0.40625 0.3701923076923077 0.5216346153846154 0.3125 0.5216346153846154
4 0.5721153846153846 0.30528846153846156 0.6201923076923077 0.30528846153846156 0.6201923076923077 0.4206730769230769 0.5721153846153846 0.4206730769230769
4 0.5216346153846154 0.6394230769230769 0.5793269230769231 0.6394230769230769 0.5793269230769231 0.7644230769230769 0.5216346153846154 0.7644230769230769