5 0.5889423076923077 0.17548076923076922 0.6706730769230769 0.17548076923076922 0.6706730769230769 0.3629807692307692 0.5889423076923077 0.3629807692307692
2 0.7884615384615384 0.23076923076923078 0.8846153846153846 0.23076923076923078 0.8846153846153846 0.4495192307692308 0.7884615384615384 0.4495192307692308
6 0.8557692307692307 0.6370192307692307 0.9423076923076923 0.6370192307692307 0.9423076923076923 0.8028846153846154 0.8557692307692307 0.8028846153846154
6 0.5841346153846154 0 0.6442307692307693 0 0.6442307692307693 0.07692307692307693 0.5841346153846154 0.07692307692307693
3 0.5865384615384616 0.02403846153846154 0.65625 0.02403846153846154 0.65625 0.16346153846153846 0.5865384615384616 0.16346153846153846
3 0.43028846153846156 0.2980769230769231 0.5048076923076923 0.2980769230769231 0.5048076923076923 0.4519230769230769 0.43028846153846156 0.4519230769230769
4 0.6778846153846154 0.05048076923076923 0.7283653846153846 0.05048076923076923 0.7283653846153846 0.15865384615384615 0.6778846153846154 0.15865384615384615
4 0.6899038461538461 0.1346153846153846 0.7427884615384616 0.1346153846153846 0.7427884615384616 0.25 0.6899038461538461 0.25
4 0.7139423076923077 0.3125 0.7716346153846154 0.3125 0.7716346153846154 0.4423076923076923 0.7139423076923077 0.4423076923076923
4 0.6346153846153846 0.42788461538461536 0.6971153846153846 0.42788461538461536 0.6971153846153846 0.5480769230769231 0.6346153846153846 0.5480769230769231
4 0.5168269230769231 0.21875 0.5745192307692307 0.21875 0.5745192307692307 0.3317307692307692 0.5168269230769231 0.3317307692307692
4 0.5168269230769231 0 0.5745192307692307 0 0.5745192307692307 0.08413461538461539 0.5168269230769231 0.08413461538461539
11 0.33653846153846156 0.18028846153846154 0.4206730769230769 0.18028846153846154 0.4206730769230769 0.36538461538461536 0.33653846153846156 0.36538461538461536
7 0.23317307692307693 0.2860576923076923 0.3076923076923077 0.2860576923076923 0.3076923076923077 0.4495192307692308 0.23317307692307693 0.4495192307692308
12 0.34615384615384615 0.08653846153846154 0.41346153846153844 0.08653846153846154 0.41346153846153844 0.23557692307692307 0.34615384615384615 0.23557692307692307
12 0.13221153846153846 0.5240384615384616 0.21634615384615385 0.5240384615384616 0.21634615384615385 0.6923076923076923 0.13221153846153846 0.6923076923076923
8 0.12740384615384615 0.24519230769230768 0.21634615384615385 0.24519230769230768 0.21634615384615385 0.46875 0.12740384615384615 0.46875
12 0.17067307692307693 0 0.24278846153846154 0 0.24278846153846154 0.08173076923076923 0.17067307692307693 0.08173076923076923
12 0.22596153846153846 0.6778846153846154 0.3125 0.6778846153846154 0.3125 0.8317307692307693 0.22596153846153846 0.8317307692307693
10 0.2620192307692308 0 0.3173076923076923 0 0.3173076923076923 0.07692307692307693 0.2620192307692308 0.07692307692307693
10 0.24759615384615385 0.5552884615384616 0.31009615384615385 0.5552884615384616 0.31009615384615385 0.6826923076923077 0.24759615384615385 0.6826923076923077
10 0.2692307692307692 0.13221153846153846 0.3293269230769231 0.13221153846153846 0.3293269230769231 0.2548076923076923 0.2692307692307692 0.2548076923076923
10 0.43028846153846156 0.21875 0.4879807692307692 0.21875 0.4879807692307692 0.33653846153846156 0.43028846153846156 0.33653846153846156
10 0.44711538461538464 0.6778846153846154 0.5096153846153846 0.6778846153846154 0.5096153846153846 0.8100961538461539 0.44711538461538464 0.8100961538461539