5 0.3605769230769231 0.2091346153846154 0.43509615384615385 0.2091346153846154 0.43509615384615385 0.3894230769230769 0.3605769230769231 0.3894230769230769
2 0.14423076923076922 0.38221153846153844 0.23076923076923078 0.38221153846153844 0.23076923076923078 0.59375 0.14423076923076922 0.59375
6 0.11057692307692307 0.6634615384615384 0.19230769230769232 0.6634615384615384 0.19230769230769232 0.8149038461538461 0.11057692307692307 0.8149038461538461
4 0.27163461538461536 0.3557692307692308 0.3245192307692308 0.3557692307692308 0.3245192307692308 0.46875 0.27163461538461536 0.46875
4 0.2932692307692308 0.18269230769230768 0.3485576923076923 0.18269230769230768 0.3485576923076923 0.28365384615384615 0.2932692307692308 0.28365384615384615
4 0.31009615384615385 0.0985576923076923 0.3605769230769231 0.0985576923076923 0.3605769230769231 0.19951923076923078 0.31009615384615385 0.19951923076923078
4 0.4567307692307692 0.02403846153846154 0.5024038461538461 0.02403846153846154 0.5024038461538461 0.125 0.4567307692307692 0.125
4 0.4567307692307692 0.25240384615384615 0.5096153846153846 0.25240384615384615 0.5096153846153846 0.3701923076923077 0.4567307692307692 0.3701923076923077
4 0.3389423076923077 0.4519230769230769 0.4014423076923077 0.4519230769230769 0.4014423076923077 0.5745192307692307 0.3389423076923077 0.5745192307692307
3 0.5240384615384616 0.33653846153846156 0.5889423076923077 0.33653846153846156 0.5889423076923077 0.47596153846153844 0.5240384615384616 0.47596153846153844
12 0.7644230769230769 0.016826923076923076 0.8293269230769231 0.016826923076923076 0.8293269230769231 0.12740384615384615 0.7644230769230769 0.12740384615384615
12 0.7043269230769231 0.6947115384615384 0.7740384615384616 0.6947115384615384 0.7740384615384616 0.8365384615384616 0.7043269230769231 0.8365384615384616
8 0.6923076923076923 0.2860576923076923 0.7716346153846154 0.2860576923076923 0.7716346153846154 0.4879807692307692 0.6923076923076923 0.4879807692307692
9 0.46153846153846156 0.07211538461538461 0.5192307692307693 0.07211538461538461 0.5192307692307693 0.21875 0.46153846153846156 0.21875
9 0.7908653846153846 0.5504807692307693 0.8701923076923077 0.5504807692307693 0.8701923076923077 0.6971153846153846 0.7908653846153846 0.6971153846153846
7 0.5216346153846154 0.5456730769230769 0.5841346153846154 0.5456730769230769 0.5841346153846154 0.6875 0.5216346153846154 0.6875
11 0.6033653846153846 0.21394230769230768 0.6682692307692307 0.21394230769230768 0.6682692307692307 0.3942307692307692 0.6033653846153846 0.3942307692307692
10 0.5360576923076923 0.2620192307692308 0.5889423076923077 0.2620192307692308 0.5889423076923077 0.36778846153846156 0.5360576923076923 0.36778846153846156
10 0.6899038461538461 0.016826923076923076 0.7451923076923077 0.016826923076923076 0.7451923076923077 0.125 0.6899038461538461 0.125
10 0.6899038461538461 0.1778846153846154 0.7403846153846154 0.1778846153846154 0.7403846153846154 0.2860576923076923 0.6899038461538461 0.2860576923076923
10 0.7043269230769231 0.5769230769230769 0.7668269230769231 0.5769230769230769 0.7668269230769231 0.6947115384615384 0.7043269230769231 0.6947115384615384
10 0.5120192307692307 0.6947115384615384 0.5769230769230769 0.6947115384615384 0.5769230769230769 0.8125 0.5120192307692307 0.8125