5 0.5649038461538461 0.19951923076923078 0.6370192307692307 0.19951923076923078 0.6370192307692307 0.3798076923076923 0.5649038461538461 0.3798076923076923
2 0.7668269230769231 0.38221153846153844 0.8533653846153846 0.38221153846153844 0.8533653846153846 0.5913461538461539 0.7668269230769231 0.5913461538461539
6 0.7980769230769231 0.6658653846153846 0.8798076923076923 0.6658653846153846 0.8798076923076923 0.8149038461538461 0.7980769230769231 0.8149038461538461
4 0.6730769230769231 0.35096153846153844 0.7259615384615384 0.35096153846153844 0.7259615384615384 0.4639423076923077 0.6730769230769231 0.4639423076923077
4 0.6514423076923077 0.17548076923076922 0.7067307692307693 0.17548076923076922 0.7067307692307693 0.2764423076923077 0.6514423076923077 0.2764423076923077
4 0.6442307692307693 0.0889423076923077 0.6923076923076923 0.0889423076923077 0.6923076923076923 0.19230769230769232 0.6442307692307693 0.19230769230769232
4 0.5 0.01201923076923077 0.5480769230769231 0.01201923076923077 0.5480769230769231 0.11057692307692307 0.5 0.11057692307692307
4 0.49038461538461536 0.24278846153846154 0.5432692307692307 0.24278846153846154 0.5432692307692307 0.3581730769230769 0.49038461538461536 0.3581730769230769
4 0.59375 0.44471153846153844 0.65625 0.44471153846153844 0.65625 0.5673076923076923 0.59375 0.5673076923076923
3 0.40625 0.32211538461538464 0.4735576923076923 0.32211538461538464 0.4735576923076923 0.46153846153846156 0.40625 0.46153846153846156
12 0.17548076923076922 0.002403846153846154 0.23798076923076922 0.002403846153846154 0.23798076923076922 0.10336538461538461 0.17548076923076922 0.10336538461538461
12 0.21394230769230768 0.6754807692307693 0.28125 0.6754807692307693 0.28125 0.8149038461538461 0.21394230769230768 0.8149038461538461
8 0.22355769230769232 0.2644230769230769 0.30288461538461536 0.2644230769230769 0.30288461538461536 0.46634615384615385 0.22355769230769232 0.46634615384615385
9 0.4831730769230769 0.06009615384615385 0.5408653846153846 0.06009615384615385 0.5408653846153846 0.20432692307692307 0.4831730769230769 0.20432692307692307
9 0.11778846153846154 0.5288461538461539 0.19951923076923078 0.5288461538461539 0.19951923076923078 0.6754807692307693 0.11778846153846154 0.6754807692307693
7 0.40625 0.5336538461538461 0.46875 0.5336538461538461 0.46875 0.6754807692307693 0.40625 0.6754807692307693
11 0.3293269230769231 0.1971153846153846 0.3942307692307692 0.1971153846153846 0.3942307692307692 0.37740384615384615 0.3293269230769231 0.37740384615384615
10 0.40865384615384615 0.24519230769230768 0.46153846153846156 0.24519230769230768 0.46153846153846156 0.35336538461538464 0.40865384615384615 0.35336538461538464
10 0.25721153846153844 0.002403846153846154 0.31490384615384615 0.002403846153846154 0.31490384615384615 0.10576923076923077 0.25721153846153844 0.10576923076923077
10 0.25721153846153844 0.15625 0.3125 0.15625 0.3125 0.2668269230769231 0.25721153846153844 0.2668269230769231
10 0.22355769230769232 0.5576923076923077 0.2860576923076923 0.5576923076923077 0.2860576923076923 0.6754807692307693 0.22355769230769232 0.6754807692307693
10 0.40865384615384615 0.6826923076923077 0.4735576923076923 0.6826923076923077 0.4735576923076923 0.8004807692307693 0.40865384615384615 0.8004807692307693