5 0.17067307692307693 0.20673076923076922 0.24519230769230768 0.20673076923076922 0.24519230769230768 0.36538461538461536 0.17067307692307693 0.36538461538461536
2 0.15625 0.2644230769230769 0.2403846153846154 0.2644230769230769 0.2403846153846154 0.4567307692307692 0.15625 0.4567307692307692
1 0.20192307692307693 0.13701923076923078 0.25961538461538464 0.13701923076923078 0.25961538461538464 0.2644230769230769 0.20192307692307693 0.2644230769230769
1 0.14903846153846154 0.4254807692307692 0.21394230769230768 0.4254807692307692 0.21394230769230768 0.5600961538461539 0.14903846153846154 0.5600961538461539
3 0.21634615384615385 0.06009615384615385 0.27884615384615385 0.06009615384615385 0.27884615384615385 0.1778846153846154 0.21634615384615385 0.1778846153846154
3 0.11778846153846154 0.5456730769230769 0.1971153846153846 0.5456730769230769 0.1971153846153846 0.6730769230769231 0.11778846153846154 0.6730769230769231
6 0.22596153846153846 0 0.28125 0 0.28125 0.10096153846153846 0.22596153846153846 0.10096153846153846
6 0.0985576923076923 0.6754807692307693 0.17548076923076922 0.6754807692307693 0.17548076923076922 0.8076923076923077 0.0985576923076923 0.8076923076923077
4 0.3173076923076923 0 0.3629807692307692 0 0.3629807692307692 0.09375 0.3173076923076923 0.09375
4 0.31009615384615385 0.07692307692307693 0.3557692307692308 0.07692307692307693 0.3557692307692308 0.17548076923076922 0.31009615384615385 0.17548076923076922
4 0.2980769230769231 0.16105769230769232 0.34134615384615385 0.16105769230769232 0.34134615384615385 0.2620192307692308 0.2980769230769231 0.2620192307692308
4 0.28365384615384615 0.24759615384615385 0.3293269230769231 0.24759615384615385 0.3293269230769231 0.3485576923076923 0.28365384615384615 0.3485576923076923
4 0.2668269230769231 0.3485576923076923 0.31971153846153844 0.3485576923076923 0.31971153846153844 0.44471153846153844 0.2668269230769231 0.44471153846153844
4 0.25240384615384615 0.4495192307692308 0.30288461538461536 0.4495192307692308 0.30288461538461536 0.5576923076923077 0.25240384615384615 0.5576923076923077
4 0.23557692307692307 0.5625 0.28846153846153844 0.5625 0.28846153846153844 0.6706730769230769 0.23557692307692307 0.6706730769230769
4 0.21634615384615385 0.6899038461538461 0.27403846153846156 0.6899038461538461 0.27403846153846156 0.7956730769230769 0.21634615384615385 0.7956730769230769
11 0.7908653846153846 0.1778846153846154 0.8581730769230769 0.1778846153846154 0.8581730769230769 0.35336538461538464 0.7908653846153846 0.35336538461538464
8 0.8004807692307693 0.25721153846153844 0.875 0.25721153846153844 0.875 0.4519230769230769 0.8004807692307693 0.4519230769230769
7 0.8197115384615384 0.41586538461538464 0.8798076923076923 0.41586538461538464 0.8798076923076923 0.5552884615384616 0.8197115384615384 0.5552884615384616
7 0.7932692307692307 0.12259615384615384 0.8509615384615384 0.12259615384615384 0.8509615384615384 0.25721153846153844 0.7932692307692307 0.25721153846153844
9 0.7860576923076923 0.04807692307692308 0.84375 0.04807692307692308 0.84375 0.17067307692307693 0.7860576923076923 0.17067307692307693
9 0.8149038461538461 0.5576923076923077 0.8894230769230769 0.5576923076923077 0.8894230769230769 0.6923076923076923 0.8149038461538461 0.6923076923076923
10 0.71875 0.6923076923076923 0.7788461538461539 0.6923076923076923 0.7788461538461539 0.8004807692307693 0.71875 0.8004807692307693
10 0.7091346153846154 0.5649038461538461 0.7764423076923077 0.5649038461538461 0.7764423076923077 0.6706730769230769 0.7091346153846154 0.6706730769230769
10 0.7139423076923077 0.46153846153846156 0.7692307692307693 0.46153846153846156 0.7692307692307693 0.5625 0.7139423076923077 0.5625
10 0.7043269230769231 0.35336538461538464 0.7572115384615384 0.35336538461538464 0.7572115384615384 0.4567307692307692 0.7043269230769231 0.4567307692307692
10 0.7043269230769231 0.24759615384615385 0.7596153846153846 0.24759615384615385 0.7596153846153846 0.35096153846153844 0.7043269230769231 0.35096153846153844
10 0.7019230769230769 0.16346153846153846 0.7475961538461539 0.16346153846153846 0.7475961538461539 0.25961538461538464 0.7019230769230769 0.25961538461538464
10 0.7019230769230769 0.07692307692307693 0.75 0.07692307692307693 0.75 0.16826923076923078 0.7019230769230769 0.16826923076923078
10 0.7043269230769231 0 0.7524038461538461 0 0.7524038461538461 0.09134615384615384 0.7043269230769231 0.09134615384615384
12 0.7788461538461539 0 0.8341346153846154 0 0.8341346153846154 0.0889423076923077 0.7788461538461539 0.0889423076923077
12 0.8269230769230769 0.6778846153846154 0.9014423076923077 0.6778846153846154 0.9014423076923077 0.8221153846153846 0.8269230769230769 0.8221153846153846