5 0.7475961538461539 0.2403846153846154 0.8173076923076923 0.2403846153846154 0.8173076923076923 0.3942307692307692 0.7475961538461539 0.3942307692307692
2 0.7524038461538461 0.2956730769230769 0.8293269230769231 0.2956730769230769 0.8293269230769231 0.4831730769230769 0.7524038461538461 0.4831730769230769
1 0.7355769230769231 0.17067307692307693 0.7908653846153846 0.17067307692307693 0.7908653846153846 0.2980769230769231 0.7355769230769231 0.2980769230769231
1 0.7740384615384616 0.4519230769230769 0.8341346153846154 0.4519230769230769 0.8341346153846154 0.5865384615384616 0.7740384615384616 0.5865384615384616
3 0.71875 0.09615384615384616 0.7764423076923077 0.09615384615384616 0.7764423076923077 0.21394230769230768 0.71875 0.21394230769230768
3 0.7908653846153846 0.5697115384615384 0.8653846153846154 0.5697115384615384 0.8653846153846154 0.6947115384615384 0.7908653846153846 0.6947115384615384
6 0.7163461538461539 0.03125 0.7668269230769231 0.03125 0.7668269230769231 0.13701923076923078 0.7163461538461539 0.13701923076923078
6 0.8076923076923077 0.6971153846153846 0.8798076923076923 0.6971153846153846 0.8798076923076923 0.8269230769230769 0.8076923076923077 0.8269230769230769
4 0.6370192307692307 0.03125 0.6778846153846154 0.03125 0.6778846153846154 0.12740384615384615 0.6370192307692307 0.12740384615384615
4 0.6442307692307693 0.11057692307692307 0.6850961538461539 0.11057692307692307 0.6850961538461539 0.20673076923076922 0.6442307692307693 0.20673076923076922
4 0.6538461538461539 0.19471153846153846 0.6971153846153846 0.19471153846153846 0.6971153846153846 0.29086538461538464 0.6538461538461539 0.29086538461538464
4 0.6658653846153846 0.2764423076923077 0.7091346153846154 0.2764423076923077 0.7091346153846154 0.37740384615384615 0.6658653846153846 0.37740384615384615
4 0.6730769230769231 0.37259615384615385 0.7235576923076923 0.37259615384615385 0.7235576923076923 0.47115384615384615 0.6730769230769231 0.47115384615384615
4 0.6875 0.4735576923076923 0.7355769230769231 0.4735576923076923 0.7355769230769231 0.5817307692307693 0.6875 0.5817307692307693
4 0.6995192307692307 0.5841346153846154 0.75 0.5841346153846154 0.75 0.6899038461538461 0.6995192307692307 0.6899038461538461
4 0.7115384615384616 0.7067307692307693 0.7644230769230769 0.7067307692307693 0.7644230769230769 0.8100961538461539 0.7115384615384616 0.8100961538461539
11 0.15384615384615385 0.19471153846153846 0.21634615384615385 0.19471153846153846 0.21634615384615385 0.36778846153846156 0.15384615384615385 0.36778846153846156
8 0.13701923076923078 0.27163461538461536 0.20432692307692307 0.27163461538461536 0.20432692307692307 0.46153846153846156 0.13701923076923078 0.46153846153846156
7 0.12740384615384615 0.4254807692307692 0.18509615384615385 0.4254807692307692 0.18509615384615385 0.5625 0.12740384615384615 0.5625
7 0.16346153846153846 0.14182692307692307 0.21394230769230768 0.14182692307692307 0.21394230769230768 0.27403846153846156 0.16346153846153846 0.27403846153846156
9 0.16826923076923078 0.06971153846153846 0.22355769230769232 0.06971153846153846 0.22355769230769232 0.18990384615384615 0.16826923076923078 0.18990384615384615
9 0.11778846153846154 0.5600961538461539 0.1875 0.5600961538461539 0.1875 0.6947115384615384 0.11778846153846154 0.6947115384615384
10 0.22355769230769232 0.6947115384615384 0.28125 0.6947115384615384 0.28125 0.8004807692307693 0.22355769230769232 0.8004807692307693
10 0.2283653846153846 0.5721153846153846 0.29086538461538464 0.5721153846153846 0.29086538461538464 0.6778846153846154 0.2283653846153846 0.6778846153846154
10 0.23557692307692307 0.47115384615384615 0.28846153846153844 0.47115384615384615 0.28846153846153844 0.5697115384615384 0.23557692307692307 0.5697115384615384
10 0.25 0.36538461538461536 0.3004807692307692 0.36538461538461536 0.3004807692307692 0.46875 0.25 0.46875
10 0.24759615384615385 0.2668269230769231 0.3004807692307692 0.2668269230769231 0.3004807692307692 0.36778846153846156 0.24759615384615385 0.36778846153846156
10 0.2620192307692308 0.18269230769230768 0.30528846153846156 0.18269230769230768 0.30528846153846156 0.27884615384615385 0.2620192307692308 0.27884615384615385
10 0.2620192307692308 0.0985576923076923 0.3076923076923077 0.0985576923076923 0.3076923076923077 0.18990384615384615 0.2620192307692308 0.18990384615384615
10 0.2620192307692308 0.014423076923076924 0.30528846153846156 0.014423076923076924 0.30528846153846156 0.11538461538461539 0.2620192307692308 0.11538461538461539
12 0.18269230769230768 0.004807692307692308 0.23076923076923078 0.004807692307692308 0.23076923076923078 0.11057692307692307 0.18269230769230768 0.11057692307692307
12 0.10576923076923077 0.6778846153846154 0.17307692307692307 0.6778846153846154 0.17307692307692307 0.8221153846153846 0.10576923076923077 0.8221153846153846