2 0.19230769230769232 0.47836538461538464 0.28846153846153844 0.47836538461538464 0.28846153846153844 0.6875 0.19230769230769232 0.6875
6 0.07451923076923077 0.6586538461538461 0.15144230769230768 0.6586538461538461 0.15144230769230768 0.8100961538461539 0.07451923076923077 0.8100961538461539
12 0.28846153846153844 0.6370192307692307 0.3629807692307692 0.6370192307692307 0.3629807692307692 0.7860576923076923 0.28846153846153844 0.7860576923076923
9 0.4495192307692308 0.009615384615384616 0.5072115384615384 0.009615384615384616 0.5072115384615384 0.15865384615384615 0.4495192307692308 0.15865384615384615
5 0.34134615384615385 0.16346153846153846 0.4206730769230769 0.16346153846153846 0.4206730769230769 0.35096153846153844 0.34134615384615385 0.35096153846153844
4 0.27163461538461536 0.13701923076923078 0.3245192307692308 0.13701923076923078 0.3245192307692308 0.24519230769230768 0.27163461538461536 0.24519230769230768
4 0.2403846153846154 0.32211538461538464 0.3004807692307692 0.32211538461538464 0.3004807692307692 0.43509615384615385 0.2403846153846154 0.43509615384615385
4 0.31971153846153844 0.4230769230769231 0.37740384615384615 0.4230769230769231 0.37740384615384615 0.5384615384615384 0.31971153846153844 0.5384615384615384
4 0.4375 0.20673076923076922 0.49278846153846156 0.20673076923076922 0.49278846153846156 0.31971153846153844 0.4375 0.31971153846153844
3 0.5072115384615384 0.2860576923076923 0.5793269230769231 0.2860576923076923 0.5793269230769231 0.43028846153846156 0.5072115384615384 0.43028846153846156
10 0.5240384615384616 0.20432692307692307 0.5793269230769231 0.20432692307692307 0.5793269230769231 0.3125 0.5240384615384616 0.3125
11 0.5913461538461539 0.15384615384615385 0.6706730769230769 0.15384615384615385 0.6706730769230769 0.33653846153846156 0.5913461538461539 0.33653846153846156
8 0.6875 0.21634615384615385 0.7692307692307693 0.21634615384615385 0.7692307692307693 0.4230769230769231 0.6875 0.4230769230769231
12 0.7620192307692307 0 0.8269230769230769 0 0.8269230769230769 0.04807692307692308 0.7620192307692307 0.04807692307692308
10 0.6899038461538461 0 0.7427884615384616 0 0.7427884615384616 0.04326923076923077 0.6899038461538461 0.04326923076923077
10 0.6802884615384616 0.10336538461538461 0.7403846153846154 0.10336538461538461 0.7403846153846154 0.21394230769230768 0.6802884615384616 0.21394230769230768
10 0.6971153846153846 0.5192307692307693 0.7644230769230769 0.5192307692307693 0.7644230769230769 0.6394230769230769 0.6971153846153846 0.6394230769230769