6 0.30288461538461536 0.7163461538461539 0.38221153846153844 0.7163461538461539 0.38221153846153844 0.8653846153846154 0.30288461538461536 0.8653846153846154
6 0.08653846153846154 0.7331730769230769 0.16826923076923078 0.7331730769230769 0.16826923076923078 0.8846153846153846 0.08653846153846154 0.8846153846153846
2 0.2091346153846154 0.5456730769230769 0.3076923076923077 0.5456730769230769 0.3076923076923077 0.7644230769230769 0.2091346153846154 0.7644230769230769
5 0.3581730769230769 0.22355769230769232 0.4254807692307692 0.22355769230769232 0.4254807692307692 0.4110576923076923 0.3581730769230769 0.4110576923076923
4 0.27403846153846156 0.1875 0.3269230769230769 0.1875 0.3269230769230769 0.31009615384615385 0.27403846153846156 0.31009615384615385
4 0.3293269230769231 0.49278846153846156 0.3918269230769231 0.49278846153846156 0.3918269230769231 0.6225961538461539 0.3293269230769231 0.6225961538461539
4 0.4519230769230769 0.27163461538461536 0.5048076923076923 0.27163461538461536 0.5048076923076923 0.3870192307692308 0.4519230769230769 0.3870192307692308
3 0.6971153846153846 0.45913461538461536 0.7740384615384616 0.45913461538461536 0.7740384615384616 0.6129807692307693 0.6971153846153846 0.6129807692307693
8 0.7043269230769231 0.29086538461538464 0.78125 0.29086538461538464 0.78125 0.5048076923076923 0.7043269230769231 0.5048076923076923
10 0.71875 0.6105769230769231 0.78125 0.6105769230769231 0.78125 0.7307692307692307 0.71875 0.7307692307692307
12 0.7956730769230769 0.16346153846153846 0.8653846153846154 0.16346153846153846 0.8653846153846154 0.28846153846153844 0.7956730769230769 0.28846153846153844
10 0.7019230769230769 0.002403846153846154 0.7548076923076923 0.002403846153846154 0.7548076923076923 0.11298076923076923 0.7019230769230769 0.11298076923076923
10 0.6129807692307693 0.0985576923076923 0.6682692307692307 0.0985576923076923 0.6682692307692307 0.21394230769230768 0.6129807692307693 0.21394230769230768
10 0.5336538461538461 0.27403846153846156 0.5889423076923077 0.27403846153846156 0.5889423076923077 0.3918269230769231 0.5336538461538461 0.3918269230769231