3 0.40384615384615385 0.3389423076923077 0.47115384615384615 0.3389423076923077 0.47115384615384615 0.47836538461538464 0.40384615384615385 0.47836538461538464
4 0.4951923076923077 0.019230769230769232 0.5456730769230769 0.019230769230769232 0.5456730769230769 0.12740384615384615 0.4951923076923077 0.12740384615384615
6 0.7932692307692307 0.6899038461538461 0.8798076923076923 0.6899038461538461 0.8798076923076923 0.8365384615384616 0.7932692307692307 0.8365384615384616
2 0.7572115384615384 0.40384615384615385 0.8509615384615384 0.40384615384615385 0.8509615384615384 0.6105769230769231 0.7572115384615384 0.6105769230769231
5 0.5649038461538461 0.21394230769230768 0.6322115384615384 0.21394230769230768 0.6322115384615384 0.39903846153846156 0.5649038461538461 0.39903846153846156
4 0.6706730769230769 0.3701923076923077 0.7211538461538461 0.3701923076923077 0.7211538461538461 0.47836538461538464 0.6706730769230769 0.47836538461538464
4 0.6538461538461539 0.19230769230769232 0.7019230769230769 0.19230769230769232 0.7019230769230769 0.2980769230769231 0.6538461538461539 0.2980769230769231
4 0.4855769230769231 0.2644230769230769 0.5384615384615384 0.2644230769230769 0.5384615384615384 0.3701923076923077 0.4855769230769231 0.3701923076923077
4 0.5913461538461539 0.46875 0.6466346153846154 0.46875 0.6466346153846154 0.5793269230769231 0.5913461538461539 0.5793269230769231
12 0.59375 0.6682692307692307 0.6706730769230769 0.6682692307692307 0.6706730769230769 0.8149038461538461 0.59375 0.8149038461538461
12 0.17307692307692307 0.002403846153846154 0.23798076923076922 0.002403846153846154 0.23798076923076922 0.12259615384615384 0.17307692307692307 0.12259615384615384
11 0.3245192307692308 0.21394230769230768 0.3870192307692308 0.21394230769230768 0.3870192307692308 0.3942307692307692 0.3245192307692308 0.3942307692307692
8 0.22115384615384615 0.28365384615384615 0.2980769230769231 0.28365384615384615 0.2980769230769231 0.4831730769230769 0.22115384615384615 0.4831730769230769
7 0.39903846153846156 0.5432692307692307 0.4639423076923077 0.5432692307692307 0.4639423076923077 0.6923076923076923 0.39903846153846156 0.6923076923076923
9 0.4807692307692308 0.07692307692307693 0.5360576923076923 0.07692307692307693 0.5360576923076923 0.21394230769230768 0.4807692307692308 0.21394230769230768
9 0.31490384615384615 0.4375 0.38221153846153844 0.4375 0.38221153846153844 0.5841346153846154 0.31490384615384615 0.5841346153846154
10 0.40384615384615385 0.25721153846153844 0.4567307692307692 0.25721153846153844 0.4567307692307692 0.36538461538461536 0.40384615384615385 0.36538461538461536
10 0.2548076923076923 0.007211538461538462 0.30528846153846156 0.007211538461538462 0.30528846153846156 0.11538461538461539 0.2548076923076923 0.11538461538461539
10 0.25721153846153844 0.16826923076923078 0.30528846153846156 0.16826923076923078 0.30528846153846156 0.27884615384615385 0.25721153846153844 0.27884615384615385
10 0.21634615384615385 0.5673076923076923 0.27884615384615385 0.5673076923076923 0.27884615384615385 0.6875 0.21634615384615385 0.6875