2 0.7331730769230769 0.18990384615384615 0.8197115384615384 0.18990384615384615 0.8197115384615384 0.39903846153846156 0.7331730769230769 0.39903846153846156
1 0.5745192307692307 0.08413461538461539 0.6346153846153846 0.08413461538461539 0.6346153846153846 0.22596153846153846 0.5745192307692307 0.22596153846153846
6 0.5432692307692307 0.01201923076923077 0.6009615384615384 0.01201923076923077 0.6009615384615384 0.13942307692307693 0.5432692307692307 0.13942307692307693
6 0.47596153846153844 0.0985576923076923 0.5408653846153846 0.0985576923076923 0.5408653846153846 0.22596153846153846 0.47596153846153844 0.22596153846153846
4 0.6682692307692307 0.28125 0.7211538461538461 0.28125 0.7211538461538461 0.3942307692307692 0.6682692307692307 0.3942307692307692
4 0.7307692307692307 0.7211538461538461 0.7980769230769231 0.7211538461538461 0.7980769230769231 0.8413461538461539 0.7307692307692307 0.8413461538461539
4 0.59375 0.47115384615384615 0.6538461538461539 0.47115384615384615 0.6538461538461539 0.59375 0.59375 0.59375
4 0.5288461538461539 0.5961538461538461 0.59375 0.5961538461538461 0.59375 0.7235576923076923 0.5288461538461539 0.7235576923076923
4 0.39903846153846156 0.12259615384615384 0.4495192307692308 0.12259615384615384 0.4495192307692308 0.22596153846153846 0.39903846153846156 0.22596153846153846
3 0.41346153846153844 0.1778846153846154 0.4831730769230769 0.1778846153846154 0.4831730769230769 0.3173076923076923 0.41346153846153844 0.3173076923076923
3 0.22355769230769232 0.5649038461538461 0.3076923076923077 0.5649038461538461 0.3076923076923077 0.7139423076923077 0.22355769230769232 0.7139423076923077
8 0.13221153846153846 0.30288461538461536 0.21875 0.30288461538461536 0.21875 0.5096153846153846 0.13221153846153846 0.5096153846153846
7 0.15144230769230768 0.07932692307692307 0.2283653846153846 0.07932692307692307 0.2283653846153846 0.22355769230769232 0.15144230769230768 0.22355769230769232
7 0.3317307692307692 0.34615384615384615 0.40384615384615385 0.34615384615384615 0.40384615384615385 0.49759615384615385 0.3317307692307692 0.49759615384615385
12 0.1658653846153846 0.028846153846153848 0.23317307692307693 0.028846153846153848 0.23317307692307693 0.16346153846153846 0.1658653846153846 0.16346153846153846
11 0.31009615384615385 0.055288461538461536 0.3870192307692308 0.055288461538461536 0.3870192307692308 0.23798076923076922 0.31009615384615385 0.23798076923076922
9 0.21634615384615385 0.7043269230769231 0.3004807692307692 0.7043269230769231 0.3004807692307692 0.8701923076923077 0.21634615384615385 0.8701923076923077
10 0.25 0.10336538461538461 0.3076923076923077 0.10336538461538461 0.3076923076923077 0.21875 0.25 0.21875
10 0.23798076923076922 0.28365384615384615 0.2980769230769231 0.28365384615384615 0.2980769230769231 0.3894230769230769 0.23798076923076922 0.3894230769230769
10 0.23798076923076922 0.37740384615384615 0.3076923076923077 0.37740384615384615 0.3076923076923077 0.49278846153846156 0.23798076923076922 0.49278846153846156
10 0.3389423076923077 0.5024038461538461 0.40625 0.5024038461538461 0.40625 0.6298076923076923 0.3389423076923077 0.6298076923076923