2 0.7596153846153846 0.15625 0.8533653846153846 0.15625 0.8533653846153846 0.37740384615384615 0.7596153846153846 0.37740384615384615
1 0.5913461538461539 0.04807692307692308 0.65625 0.04807692307692308 0.65625 0.1971153846153846 0.5913461538461539 0.1971153846153846
6 0.5625 0 0.6225961538461539 0 0.6225961538461539 0.10817307692307693 0.5625 0.10817307692307693
6 0.49038461538461536 0.0625 0.5552884615384616 0.0625 0.5552884615384616 0.1971153846153846 0.49038461538461536 0.1971153846153846
4 0.6923076923076923 0.2548076923076923 0.7475961538461539 0.2548076923076923 0.7475961538461539 0.37259615384615385 0.6923076923076923 0.37259615384615385
4 0.7572115384615384 0.7163461538461539 0.8269230769230769 0.7163461538461539 0.8269230769230769 0.84375 0.7572115384615384 0.84375
4 0.6129807692307693 0.4543269230769231 0.6754807692307693 0.4543269230769231 0.6754807692307693 0.5865384615384616 0.6129807692307693 0.5865384615384616
4 0.5432692307692307 0.5865384615384616 0.6153846153846154 0.5865384615384616 0.6153846153846154 0.7211538461538461 0.5432692307692307 0.7211538461538461
4 0.40625 0.08653846153846154 0.45913461538461536 0.08653846153846154 0.45913461538461536 0.19951923076923078 0.40625 0.19951923076923078
3 0.4230769230769231 0.14903846153846154 0.49759615384615385 0.14903846153846154 0.49759615384615385 0.2932692307692308 0.4230769230769231 0.2932692307692308
3 0.22115384615384615 0.5552884615384616 0.31009615384615385 0.5552884615384616 0.31009615384615385 0.7139423076923077 0.22115384615384615 0.7139423076923077
8 0.12740384615384615 0.28125 0.21875 0.28125 0.21875 0.49759615384615385 0.12740384615384615 0.49759615384615385
7 0.1466346153846154 0.04326923076923077 0.22596153846153846 0.04326923076923077 0.22596153846153846 0.1971153846153846 0.1466346153846154 0.1971153846153846
7 0.33653846153846156 0.3269230769230769 0.41346153846153844 0.3269230769230769 0.41346153846153844 0.4855769230769231 0.33653846153846156 0.4855769230769231
12 0.16346153846153846 0 0.23557692307692307 0 0.23557692307692307 0.1346153846153846 0.16346153846153846 0.1346153846153846
11 0.31490384615384615 0.019230769230769232 0.3942307692307692 0.019230769230769232 0.3942307692307692 0.21153846153846154 0.31490384615384615 0.21153846153846154
9 0.21634615384615385 0.7019230769230769 0.30288461538461536 0.7019230769230769 0.30288461538461536 0.8774038461538461 0.21634615384615385 0.8774038461538461
10 0.25240384615384615 0.06971153846153846 0.3125 0.06971153846153846 0.3125 0.18990384615384615 0.25240384615384615 0.18990384615384615
10 0.23798076923076922 0.25961538461538464 0.30288461538461536 0.25961538461538464 0.30288461538461536 0.3701923076923077 0.23798076923076922 0.3701923076923077
10 0.23798076923076922 0.3581730769230769 0.31009615384615385 0.3581730769230769 0.31009615384615385 0.4807692307692308 0.23798076923076922 0.4807692307692308
10 0.34375 0.49038461538461536 0.41346153846153844 0.49038461538461536 0.41346153846153844 0.625 0.34375 0.625