5 0.17067307692307693 0.31971153846153844 0.25240384615384615 0.31971153846153844 0.25240384615384615 0.5 0.17067307692307693 0.5
2 0.18990384615384615 0.21394230769230768 0.27163461538461536 0.21394230769230768 0.27163461538461536 0.39903846153846156 0.18990384615384615 0.39903846153846156
3 0.1971153846153846 0.18509615384615385 0.2668269230769231 0.18509615384615385 0.2668269230769231 0.31009615384615385 0.1971153846153846 0.31009615384615385
3 0.15144230769230768 0.4831730769230769 0.23317307692307693 0.4831730769230769 0.23317307692307693 0.6105769230769231 0.15144230769230768 0.6105769230769231
1 0.22355769230769232 0.0889423076923077 0.27884615384615385 0.0889423076923077 0.27884615384615385 0.22596153846153846 0.22355769230769232 0.22596153846153846
1 0.15384615384615385 0.59375 0.22355769230769232 0.59375 0.22355769230769232 0.7307692307692307 0.15384615384615385 0.7307692307692307
6 0.23798076923076922 0.019230769230769232 0.2980769230769231 0.019230769230769232 0.2980769230769231 0.1466346153846154 0.23798076923076922 0.1466346153846154
6 0.12740384615384615 0.7283653846153846 0.20673076923076922 0.7283653846153846 0.20673076923076922 0.8605769230769231 0.12740384615384615 0.8605769230769231
4 0.2403846153846154 0.7427884615384616 0.30528846153846156 0.7427884615384616 0.30528846153846156 0.8557692307692307 0.2403846153846154 0.8557692307692307
4 0.25721153846153844 0.5985576923076923 0.3245192307692308 0.5985576923076923 0.3245192307692308 0.7163461538461539 0.25721153846153844 0.7163461538461539
4 0.28365384615384615 0.5 0.34134615384615385 0.5 0.34134615384615385 0.6057692307692307 0.28365384615384615 0.6057692307692307
4 0.28365384615384615 0.3870192307692308 0.3389423076923077 0.3870192307692308 0.3389423076923077 0.49038461538461536 0.28365384615384615 0.49038461538461536
4 0.29086538461538464 0.3004807692307692 0.34375 0.3004807692307692 0.34375 0.40384615384615385 0.29086538461538464 0.40384615384615385
4 0.2980769230769231 0.22115384615384615 0.3485576923076923 0.22115384615384615 0.3485576923076923 0.3245192307692308 0.2980769230769231 0.3245192307692308
4 0.31490384615384615 0.13221153846153846 0.3605769230769231 0.13221153846153846 0.3605769230769231 0.23076923076923078 0.31490384615384615 0.23076923076923078
4 0.31490384615384615 0.04567307692307692 0.3629807692307692 0.04567307692307692 0.3629807692307692 0.1466346153846154 0.31490384615384615 0.1466346153846154
11 0.7980769230769231 0.25961538461538464 0.8677884615384616 0.25961538461538464 0.8677884615384616 0.43509615384615385 0.7980769230769231 0.43509615384615385
8 0.8125 0.3317307692307692 0.8942307692307693 0.3317307692307692 0.8942307692307693 0.5336538461538461 0.8125 0.5336538461538461
9 0.8028846153846154 0.20673076923076922 0.8701923076923077 0.20673076923076922 0.8701923076923077 0.3269230769230769 0.8028846153846154 0.3269230769230769
9 0.8221153846153846 0.5048076923076923 0.8966346153846154 0.5048076923076923 0.8966346153846154 0.6418269230769231 0.8221153846153846 0.6418269230769231
7 0.7884615384615384 0.10096153846153846 0.8485576923076923 0.10096153846153846 0.8485576923076923 0.2403846153846154 0.7884615384615384 0.2403846153846154
7 0.84375 0.6225961538461539 0.9158653846153846 0.6225961538461539 0.9158653846153846 0.7668269230769231 0.84375 0.7668269230769231
12 0.7764423076923077 0.04567307692307692 0.8365384615384616 0.04567307692307692 0.8365384615384616 0.16826923076923078 0.7764423076923077 0.16826923076923078
12 0.8581730769230769 0.7692307692307693 0.9350961538461539 0.7692307692307693 0.9350961538461539 0.9110576923076923 0.8581730769230769 0.9110576923076923
10 0.7091346153846154 0.057692307692307696 0.7596153846153846 0.057692307692307696 0.7596153846153846 0.15865384615384615 0.7091346153846154 0.15865384615384615
10 0.7067307692307693 0.13701923076923078 0.7572115384615384 0.13701923076923078 0.7572115384615384 0.2403846153846154 0.7067307692307693 0.2403846153846154
10 0.7235576923076923 0.22355769230769232 0.7716346153846154 0.22355769230769232 0.7716346153846154 0.3293269230769231 0.7235576923076923 0.3293269230769231
10 0.7211538461538461 0.3076923076923077 0.7764423076923077 0.3076923076923077 0.7764423076923077 0.40865384615384615 0.7211538461538461 0.40865384615384615
10 0.7259615384615384 0.40625 0.78125 0.40625 0.78125 0.5144230769230769 0.7259615384615384 0.5144230769230769
10 0.7379807692307693 0.5192307692307693 0.7932692307692307 0.5192307692307693 0.7932692307692307 0.6298076923076923 0.7379807692307693 0.6298076923076923
10 0.7475961538461539 0.6394230769230769 0.8076923076923077 0.6394230769230769 0.8076923076923077 0.7548076923076923 0.7475961538461539 0.7548076923076923
10 0.7548076923076923 0.7788461538461539 0.8245192307692307 0.7788461538461539 0.8245192307692307 0.8918269230769231 0.7548076923076923 0.8918269230769231