7 0.375 0.3004807692307692 0.4567307692307692 0.3004807692307692 0.4567307692307692 0.4567307692307692 0.375 0.4567307692307692
12 0.3701923076923077 0.2091346153846154 0.4375 0.2091346153846154 0.4375 0.35336538461538464 0.3701923076923077 0.35336538461538464
9 0.3918269230769231 0.5264423076923077 0.4735576923076923 0.5264423076923077 0.4735576923076923 0.7019230769230769 0.3918269230769231 0.7019230769230769
8 0.06490384615384616 0.13221153846153846 0.15865384615384615 0.13221153846153846 0.15865384615384615 0.36538461538461536 0.06490384615384616 0.36538461538461536
11 0.25961538461538464 0 0.34134615384615385 0 0.34134615384615385 0.17067307692307693 0.25961538461538464 0.17067307692307693
10 0.19230769230769232 0.03365384615384615 0.2548076923076923 0.03365384615384615 0.2548076923076923 0.15625 0.19230769230769232 0.15625
10 0.18028846153846154 0.22355769230769232 0.24759615384615385 0.22355769230769232 0.24759615384615385 0.34134615384615385 0.18028846153846154 0.34134615384615385
10 0.2956730769230769 0.46153846153846156 0.3557692307692308 0.46153846153846156 0.3557692307692308 0.5913461538461539 0.2956730769230769 0.5913461538461539
6 0.19230769230769232 0 0.25 0 0.25 0.06490384615384616 0.19230769230769232 0.06490384615384616
3 0.2764423076923077 0.2860576923076923 0.3485576923076923 0.2860576923076923 0.3485576923076923 0.4543269230769231 0.2764423076923077 0.4543269230769231
2 0.7163461538461539 0.11298076923076923 0.8197115384615384 0.11298076923076923 0.8197115384615384 0.33413461538461536 0.7163461538461539 0.33413461538461536
4 0.3701923076923077 0.43509615384615385 0.43509615384615385 0.43509615384615385 0.43509615384615385 0.5552884615384616 0.3701923076923077 0.5552884615384616
4 0.5408653846153846 0.21394230769230768 0.6033653846153846 0.21394230769230768 0.6033653846153846 0.3389423076923077 0.5408653846153846 0.3389423076923077
4 0.49759615384615385 0.5600961538461539 0.5649038461538461 0.5600961538461539 0.5649038461538461 0.6923076923076923 0.49759615384615385 0.6923076923076923