7 0.5072115384615384 0.3245192307692308 0.5817307692307693 0.3245192307692308 0.5817307692307693 0.47596153846153844 0.5072115384615384 0.47596153846153844
12 0.5216346153846154 0.23317307692307693 0.5841346153846154 0.23317307692307693 0.5841346153846154 0.37259615384615385 0.5216346153846154 0.37259615384615385
9 0.4951923076923077 0.5480769230769231 0.5721153846153846 0.5480769230769231 0.5721153846153846 0.7163461538461539 0.4951923076923077 0.7163461538461539
8 0.7956730769230769 0.15384615384615385 0.8846153846153846 0.15384615384615385 0.8846153846153846 0.3798076923076923 0.7956730769230769 0.3798076923076923
11 0.6129807692307693 0.002403846153846154 0.6899038461538461 0.002403846153846154 0.6899038461538461 0.19230769230769232 0.6129807692307693 0.19230769230769232
10 0.6971153846153846 0.057692307692307696 0.7572115384615384 0.057692307692307696 0.7572115384615384 0.17548076923076922 0.6971153846153846 0.17548076923076922
10 0.7091346153846154 0.24278846153846154 0.7716346153846154 0.24278846153846154 0.7716346153846154 0.3581730769230769 0.7091346153846154 0.3581730769230769
10 0.6081730769230769 0.47836538461538464 0.6634615384615384 0.47836538461538464 0.6634615384615384 0.6057692307692307 0.6081730769230769 0.6057692307692307
6 0.7019230769230769 0.004807692307692308 0.7548076923076923 0.004807692307692308 0.7548076923076923 0.08653846153846154 0.7019230769230769 0.08653846153846154
3 0.6129807692307693 0.30528846153846156 0.6802884615384616 0.30528846153846156 0.6802884615384616 0.47115384615384615 0.6129807692307693 0.47115384615384615
2 0.14903846153846154 0.1466346153846154 0.24278846153846154 0.1466346153846154 0.24278846153846154 0.3629807692307692 0.14903846153846154 0.3629807692307692
4 0.5288461538461539 0.4567307692307692 0.5889423076923077 0.4567307692307692 0.5889423076923077 0.5745192307692307 0.5288461538461539 0.5745192307692307
4 0.3605769230769231 0.24278846153846154 0.4182692307692308 0.24278846153846154 0.4182692307692308 0.36538461538461536 0.3605769230769231 0.36538461538461536
4 0.40625 0.5817307692307693 0.46875 0.5817307692307693 0.46875 0.7091346153846154 0.40625 0.7091346153846154