6 0.07451923076923077 0.6947115384615384 0.15384615384615385 0.6947115384615384 0.15384615384615385 0.8365384615384616 0.07451923076923077 0.8365384615384616
2 0.18990384615384615 0.5048076923076923 0.27884615384615385 0.5048076923076923 0.27884615384615385 0.7211538461538461 0.18990384615384615 0.7211538461538461
5 0.3317307692307692 0.20192307692307693 0.39663461538461536 0.20192307692307693 0.39663461538461536 0.3798076923076923 0.3317307692307692 0.3798076923076923
4 0.25721153846153844 0.16826923076923078 0.3076923076923077 0.16826923076923078 0.3076923076923077 0.27884615384615385 0.25721153846153844 0.27884615384615385
4 0.23317307692307693 0.35336538461538464 0.28846153846153844 0.35336538461538464 0.28846153846153844 0.4639423076923077 0.23317307692307693 0.4639423076923077
4 0.31009615384615385 0.4543269230769231 0.3701923076923077 0.4543269230769231 0.3701923076923077 0.5649038461538461 0.31009615384615385 0.5649038461538461
4 0.4230769230769231 0.23798076923076922 0.47836538461538464 0.23798076923076922 0.47836538461538464 0.34615384615384615 0.4230769230769231 0.34615384615384615
3 0.5 0.31009615384615385 0.5600961538461539 0.31009615384615385 0.5600961538461539 0.4519230769230769 0.5 0.4519230769230769
7 0.49759615384615385 0.5264423076923077 0.5625 0.5264423076923077 0.5625 0.6778846153846154 0.49759615384615385 0.6778846153846154
11 0.5793269230769231 0.18028846153846154 0.6514423076923077 0.18028846153846154 0.6514423076923077 0.36538461538461536 0.5793269230769231 0.36538461538461536
8 0.6706730769230769 0.24759615384615385 0.7475961538461539 0.24759615384615385 0.7475961538461539 0.4495192307692308 0.6706730769230769 0.4495192307692308
9 0.5865384615384616 0.40625 0.6490384615384616 0.40625 0.6490384615384616 0.5576923076923077 0.5865384615384616 0.5576923076923077
10 0.5096153846153846 0.23557692307692307 0.5600961538461539 0.23557692307692307 0.5600961538461539 0.34375 0.5096153846153846 0.34375
10 0.6658653846153846 0.13221153846153846 0.7139423076923077 0.13221153846153846 0.7139423076923077 0.24278846153846154 0.6658653846153846 0.24278846153846154
10 0.6850961538461539 0.5432692307692307 0.7475961538461539 0.5432692307692307 0.7475961538461539 0.6634615384615384 0.6850961538461539 0.6634615384615384
10 0.6658653846153846 0 0.71875 0 0.71875 0.08173076923076923 0.6658653846153846 0.08173076923076923
12 0.7403846153846154 0 0.8028846153846154 0 0.8028846153846154 0.07692307692307693 0.7403846153846154 0.07692307692307693
12 0.28125 0.6610576923076923 0.3557692307692308 0.6610576923076923 0.3557692307692308 0.8149038461538461 0.28125 0.8149038461538461