8 0.10817307692307693 0.17067307692307693 0.19471153846153846 0.17067307692307693 0.19471153846153846 0.3918269230769231 0.10817307692307693 0.3918269230769231
10 0.23557692307692307 0.09134615384615384 0.3004807692307692 0.09134615384615384 0.3004807692307692 0.20432692307692307 0.23557692307692307 0.20432692307692307
10 0.21634615384615385 0.2644230769230769 0.28365384615384615 0.2644230769230769 0.28365384615384615 0.3870192307692308 0.21634615384615385 0.3870192307692308
12 0.39903846153846156 0.2403846153846154 0.46634615384615385 0.2403846153846154 0.46634615384615385 0.3870192307692308 0.39903846153846156 0.3870192307692308
7 0.40384615384615385 0.34134615384615385 0.4735576923076923 0.34134615384615385 0.4735576923076923 0.49759615384615385 0.40384615384615385 0.49759615384615385
10 0.31009615384615385 0.49038461538461536 0.3798076923076923 0.49038461538461536 0.3798076923076923 0.6153846153846154 0.31009615384615385 0.6153846153846154
11 0.7427884615384616 0.19471153846153846 0.8269230769230769 0.19471153846153846 0.8269230769230769 0.3870192307692308 0.7427884615384616 0.3870192307692308
2 0.65625 0.1778846153846154 0.7451923076923077 0.1778846153846154 0.7451923076923077 0.3894230769230769 0.65625 0.3894230769230769
6 0.23076923076923078 0 0.2980769230769231 0 0.2980769230769231 0.11057692307692307 0.23076923076923078 0.11057692307692307
4 0.3076923076923077 0.36538461538461536 0.36778846153846156 0.36538461538461536 0.36778846153846156 0.49038461538461536 0.3076923076923077 0.49038461538461536
4 0.5024038461538461 0.5961538461538461 0.5697115384615384 0.5961538461538461 0.5697115384615384 0.7211538461538461 0.5024038461538461 0.7211538461538461
4 0.5625 0.25961538461538464 0.6201923076923077 0.25961538461538464 0.6201923076923077 0.38221153846153844 0.5625 0.38221153846153844