11 0.5985576923076923 0.002403846153846154 0.6754807692307693 0.002403846153846154 0.6754807692307693 0.20192307692307693 0.5985576923076923 0.20192307692307693
8 0.78125 0.25961538461538464 0.875 0.25961538461538464 0.875 0.4951923076923077 0.78125 0.4951923076923077
12 0.7596153846153846 0 0.8269230769230769 0 0.8269230769230769 0.10576923076923077 0.7596153846153846 0.10576923076923077
7 0.7716346153846154 0.019230769230769232 0.8413461538461539 0.019230769230769232 0.8413461538461539 0.18269230769230768 0.7716346153846154 0.18269230769230768
7 0.5865384615384616 0.31971153846153844 0.6634615384615384 0.31971153846153844 0.6634615384615384 0.4831730769230769 0.5865384615384616 0.4831730769230769
9 0.6995192307692307 0.6875 0.7956730769230769 0.6875 0.7956730769230769 0.8798076923076923 0.6995192307692307 0.8798076923076923
10 0.5360576923076923 0 0.5913461538461539 0 0.5913461538461539 0.0985576923076923 0.5360576923076923 0.0985576923076923
10 0.6802884615384616 0.052884615384615384 0.7451923076923077 0.052884615384615384 0.7451923076923077 0.18269230769230768 0.6802884615384616 0.18269230769230768
10 0.6947115384615384 0.24278846153846154 0.7572115384615384 0.24278846153846154 0.7572115384615384 0.37259615384615385 0.6947115384615384 0.37259615384615385
10 0.6875 0.34375 0.7620192307692307 0.34375 0.7620192307692307 0.47596153846153844 0.6875 0.47596153846153844
10 0.5865384615384616 0.47836538461538464 0.6490384615384616 0.47836538461538464 0.6490384615384616 0.6129807692307693 0.5865384615384616 0.6129807692307693
2 0.13701923076923078 0.16105769230769232 0.22596153846153846 0.16105769230769232 0.22596153846153846 0.375 0.13701923076923078 0.375
1 0.34134615384615385 0.036057692307692304 0.39663461538461536 0.036057692307692304 0.39663461538461536 0.19471153846153846 0.34134615384615385 0.19471153846153846
3 0.4879807692307692 0.6802884615384616 0.5697115384615384 0.6802884615384616 0.5697115384615384 0.8629807692307693 0.4879807692307692 0.8629807692307693
3 0.49759615384615385 0.1346153846153846 0.5769230769230769 0.1346153846153846 0.5769230769230769 0.27884615384615385 0.49759615384615385 0.27884615384615385
6 0.36538461538461536 0 0.43028846153846156 0 0.43028846153846156 0.10096153846153846 0.36538461538461536 0.10096153846153846
6 0.40865384615384615 0.3389423076923077 0.47836538461538464 0.3389423076923077 0.47836538461538464 0.4855769230769231 0.40865384615384615 0.4855769230769231
4 0.17067307692307693 0.71875 0.23798076923076922 0.71875 0.23798076923076922 0.8485576923076923 0.17067307692307693 0.8485576923076923
4 0.53125 0.08173076923076923 0.5889423076923077 0.08173076923076923 0.5889423076923077 0.19471153846153846 0.53125 0.19471153846153846
4 0.4519230769230769 0.07451923076923077 0.5096153846153846 0.07451923076923077 0.5096153846153846 0.1875 0.4519230769230769 0.1875
4 0.24519230769230768 0.2548076923076923 0.3004807692307692 0.2548076923076923 0.3004807692307692 0.37259615384615385 0.24519230769230768 0.37259615384615385
4 0.32211538461538464 0.4567307692307692 0.38221153846153844 0.4567307692307692 0.38221153846153844 0.5865384615384616 0.32211538461538464 0.5865384615384616
4 0.3894230769230769 0.5913461538461539 0.4543269230769231 0.5913461538461539 0.4543269230769231 0.71875 0.3894230769230769 0.71875