11 0.31490384615384615 0.014423076923076924 0.3918269230769231 0.014423076923076924 0.3918269230769231 0.21153846153846154 0.31490384615384615 0.21153846153846154
8 0.11778846153846154 0.2644230769230769 0.21153846153846154 0.2644230769230769 0.21153846153846154 0.5 0.11778846153846154 0.5
12 0.16346153846153846 0.004807692307692308 0.23076923076923078 0.004807692307692308 0.23076923076923078 0.11538461538461539 0.16346153846153846 0.11538461538461539
7 0.15144230769230768 0.026442307692307692 0.22115384615384615 0.026442307692307692 0.22115384615384615 0.1875 0.15144230769230768 0.1875
7 0.3269230769230769 0.3269230769230769 0.40384615384615385 0.3269230769230769 0.40384615384615385 0.49038461538461536 0.3269230769230769 0.49038461538461536
9 0.1971153846153846 0.6899038461538461 0.29086538461538464 0.6899038461538461 0.29086538461538464 0.8798076923076923 0.1971153846153846 0.8798076923076923
10 0.39903846153846156 0.01201923076923077 0.4519230769230769 0.01201923076923077 0.4519230769230769 0.11298076923076923 0.39903846153846156 0.11298076923076923
10 0.24759615384615385 0.0625 0.31009615384615385 0.0625 0.31009615384615385 0.19230769230769232 0.24759615384615385 0.19230769230769232
10 0.23557692307692307 0.25 0.2956730769230769 0.25 0.2956730769230769 0.3798076923076923 0.23557692307692307 0.3798076923076923
10 0.23076923076923078 0.35096153846153844 0.3004807692307692 0.35096153846153844 0.3004807692307692 0.4831730769230769 0.23076923076923078 0.4831730769230769
10 0.34375 0.4855769230769231 0.40384615384615385 0.4855769230769231 0.40384615384615385 0.6177884615384616 0.34375 0.6177884615384616
2 0.7596153846153846 0.1778846153846154 0.8485576923076923 0.1778846153846154 0.8485576923076923 0.3918269230769231 0.7596153846153846 0.3918269230769231
1 0.5913461538461539 0.052884615384615384 0.6442307692307693 0.052884615384615384 0.6442307692307693 0.2091346153846154 0.5913461538461539 0.2091346153846154
3 0.4206730769230769 0.6875 0.5024038461538461 0.6875 0.5024038461538461 0.8677884615384616 0.4206730769230769 0.8677884615384616
3 0.41346153846153844 0.1466346153846154 0.49038461538461536 0.1466346153846154 0.49038461538461536 0.29086538461538464 0.41346153846153844 0.29086538461538464
6 0.5552884615384616 0.016826923076923076 0.6201923076923077 0.016826923076923076 0.6201923076923077 0.11778846153846154 0.5552884615384616 0.11778846153846154
6 0.5096153846153846 0.35096153846153844 0.5793269230769231 0.35096153846153844 0.5793269230769231 0.49759615384615385 0.5096153846153846 0.49759615384615385
4 0.7475961538461539 0.7283653846153846 0.8125 0.7283653846153846 0.8125 0.8581730769230769 0.7475961538461539 0.8581730769230769
4 0.39903846153846156 0.09375 0.4567307692307692 0.09375 0.4567307692307692 0.20673076923076922 0.39903846153846156 0.20673076923076922
4 0.47836538461538464 0.0889423076923077 0.5360576923076923 0.0889423076923077 0.5360576923076923 0.19951923076923078 0.47836538461538464 0.19951923076923078
4 0.6850961538461539 0.2692307692307692 0.7403846153846154 0.2692307692307692 0.7403846153846154 0.3870192307692308 0.6850961538461539 0.3870192307692308
4 0.6033653846153846 0.46875 0.6658653846153846 0.46875 0.6658653846153846 0.5985576923076923 0.6033653846153846 0.5985576923076923
4 0.5336538461538461 0.6009615384615384 0.5985576923076923 0.6009615384615384 0.5985576923076923 0.7259615384615384 0.5336538461538461 0.7259615384615384