6 0.3894230769230769 0 0.43990384615384615 0 0.43990384615384615 0.10576923076923077 0.3894230769230769 0.10576923076923077
6 0.11778846153846154 0.6538461538461539 0.19471153846153846 0.6538461538461539 0.19471153846153846 0.8028846153846154 0.11778846153846154 0.8028846153846154
2 0.17067307692307693 0.25240384615384615 0.24759615384615385 0.25240384615384615 0.24759615384615385 0.45913461538461536 0.17067307692307693 0.45913461538461536
5 0.3701923076923077 0.1875 0.4375 0.1875 0.4375 0.37259615384615385 0.3701923076923077 0.37259615384615385
4 0.27403846153846156 0.33413461538461536 0.3293269230769231 0.33413461538461536 0.3293269230769231 0.44711538461538464 0.27403846153846156 0.44711538461538464
4 0.30288461538461536 0.15865384615384615 0.3485576923076923 0.15865384615384615 0.3485576923076923 0.2644230769230769 0.30288461538461536 0.2644230769230769
4 0.3173076923076923 0.07451923076923077 0.3629807692307692 0.07451923076923077 0.3629807692307692 0.17307692307692307 0.3173076923076923 0.17307692307692307
4 0.46153846153846156 0 0.5120192307692307 0 0.5120192307692307 0.0985576923076923 0.46153846153846156 0.0985576923076923
4 0.35336538461538464 0.43990384615384615 0.4014423076923077 0.43990384615384615 0.4014423076923077 0.5504807692307693 0.35336538461538464 0.5504807692307693
4 0.46153846153846156 0.23317307692307693 0.5120192307692307 0.23317307692307693 0.5120192307692307 0.3389423076923077 0.46153846153846156 0.3389423076923077
3 0.3942307692307692 0.04807692307692308 0.4375 0.04807692307692308 0.4375 0.1778846153846154 0.3942307692307692 0.1778846153846154
3 0.5264423076923077 0.30528846153846156 0.5961538461538461 0.30528846153846156 0.5961538461538461 0.4495192307692308 0.5264423076923077 0.4495192307692308
7 0.5288461538461539 0.5168269230769231 0.5961538461538461 0.5168269230769231 0.5961538461538461 0.6634615384615384 0.5288461538461539 0.6634615384615384
8 0.7980769230769231 0.23798076923076922 0.8798076923076923 0.23798076923076922 0.8798076923076923 0.44471153846153844 0.7980769230769231 0.44471153846153844
11 0.6081730769230769 0.1875 0.6754807692307693 0.1875 0.6754807692307693 0.3629807692307692 0.6081730769230769 0.3629807692307692
9 0.6153846153846154 0.10336538461538461 0.6706730769230769 0.10336538461538461 0.6706730769230769 0.24278846153846154 0.6153846153846154 0.24278846153846154
9 0.8028846153846154 0.5048076923076923 0.8894230769230769 0.5048076923076923 0.8894230769230769 0.6634615384615384 0.8028846153846154 0.6634615384615384
12 0.7163461538461539 0.6586538461538461 0.7908653846153846 0.6586538461538461 0.7908653846153846 0.8004807692307693 0.7163461538461539 0.8004807692307693
12 0.7764423076923077 0 0.8365384615384616 0 0.8365384615384616 0.08413461538461539 0.7764423076923077 0.08413461538461539
10 0.71875 0.5408653846153846 0.7716346153846154 0.5408653846153846 0.7716346153846154 0.65625 0.71875 0.65625
10 0.6995192307692307 0 0.7548076923076923 0 0.7548076923076923 0.08653846153846154 0.6995192307692307 0.08653846153846154
10 0.6923076923076923 0.13942307692307693 0.75 0.13942307692307693 0.75 0.24759615384615385 0.6923076923076923 0.24759615384615385
10 0.5456730769230769 0.22115384615384615 0.5961538461538461 0.22115384615384615 0.5961538461538461 0.33413461538461536 0.5456730769230769 0.33413461538461536
10 0.5240384615384616 0.6658653846153846 0.5889423076923077 0.6658653846153846 0.5889423076923077 0.7908653846153846 0.5240384615384616 0.7908653846153846