6 0.3798076923076923 0 0.43509615384615385 0 0.43509615384615385 0.10336538461538461 0.3798076923076923 0.10336538461538461
6 0.10817307692307693 0.65625 0.18509615384615385 0.65625 0.18509615384615385 0.8076923076923077 0.10817307692307693 0.8076923076923077
2 0.15865384615384615 0.25240384615384615 0.23798076923076922 0.25240384615384615 0.23798076923076922 0.45913461538461536 0.15865384615384615 0.45913461538461536
5 0.3629807692307692 0.18269230769230768 0.43028846153846156 0.18269230769230768 0.43028846153846156 0.3701923076923077 0.3629807692307692 0.3701923076923077
4 0.2668269230769231 0.3317307692307692 0.31971153846153844 0.3317307692307692 0.31971153846153844 0.44711538461538464 0.2668269230769231 0.44711538461538464
4 0.2932692307692308 0.15625 0.34134615384615385 0.15625 0.34134615384615385 0.2620192307692308 0.2932692307692308 0.2620192307692308
4 0.3076923076923077 0.06971153846153846 0.35336538461538464 0.06971153846153846 0.35336538461538464 0.17067307692307693 0.3076923076923077 0.17067307692307693
4 0.4543269230769231 0 0.5048076923076923 0 0.5048076923076923 0.09134615384615384 0.4543269230769231 0.09134615384615384
4 0.34375 0.4375 0.3918269230769231 0.4375 0.3918269230769231 0.5504807692307693 0.34375 0.5504807692307693
4 0.4543269230769231 0.2283653846153846 0.5048076923076923 0.2283653846153846 0.5048076923076923 0.33413461538461536 0.4543269230769231 0.33413461538461536
3 0.38461538461538464 0.040865384615384616 0.43028846153846156 0.040865384615384616 0.43028846153846156 0.17548076923076922 0.38461538461538464 0.17548076923076922
3 0.5192307692307693 0.2980769230769231 0.5889423076923077 0.2980769230769231 0.5889423076923077 0.44471153846153844 0.5192307692307693 0.44471153846153844
7 0.5216346153846154 0.5096153846153846 0.5889423076923077 0.5096153846153846 0.5889423076923077 0.6586538461538461 0.5216346153846154 0.6586538461538461
8 0.7932692307692307 0.22596153846153846 0.875 0.22596153846153846 0.875 0.4375 0.7932692307692307 0.4375
11 0.6009615384615384 0.18028846153846154 0.6682692307692307 0.18028846153846154 0.6682692307692307 0.3581730769230769 0.6009615384615384 0.3581730769230769
9 0.6081730769230769 0.09615384615384616 0.6634615384615384 0.09615384615384616 0.6634615384615384 0.23557692307692307 0.6081730769230769 0.23557692307692307
9 0.7980769230769231 0.49278846153846156 0.8822115384615384 0.49278846153846156 0.8822115384615384 0.6538461538461539 0.7980769230769231 0.6538461538461539
12 0.7115384615384616 0.6514423076923077 0.7860576923076923 0.6514423076923077 0.7860576923076923 0.7932692307692307 0.7115384615384616 0.7932692307692307
12 0.7692307692307693 0 0.8293269230769231 0 0.8293269230769231 0.07451923076923077 0.7692307692307693 0.07451923076923077
10 0.7115384615384616 0.5336538461538461 0.7644230769230769 0.5336538461538461 0.7644230769230769 0.6490384615384616 0.7115384615384616 0.6490384615384616
10 0.6923076923076923 0 0.7475961538461539 0 0.7475961538461539 0.07692307692307693 0.6923076923076923 0.07692307692307693
10 0.6850961538461539 0.12980769230769232 0.7451923076923077 0.12980769230769232 0.7451923076923077 0.2403846153846154 0.6850961538461539 0.2403846153846154
10 0.5360576923076923 0.21634615384615385 0.5889423076923077 0.21634615384615385 0.5889423076923077 0.3293269230769231 0.5360576923076923 0.3293269230769231
10 0.5168269230769231 0.6610576923076923 0.5817307692307693 0.6610576923076923 0.5817307692307693 0.7884615384615384 0.5168269230769231 0.7884615384615384