1 0.6802884615384616 0.5576923076923077 0.7475961538461539 0.5576923076923077 0.7475961538461539 0.7139423076923077 0.6802884615384616 0.7139423076923077
6 0.5480769230769231 0.014423076923076924 0.6081730769230769 0.014423076923076924 0.6081730769230769 0.12980769230769232 0.5480769230769231 0.12980769230769232
6 0.8149038461538461 0.6923076923076923 0.8870192307692307 0.6923076923076923 0.8870192307692307 0.8317307692307693 0.8149038461538461 0.8317307692307693
2 0.7524038461538461 0.28125 0.8365384615384616 0.28125 0.8365384615384616 0.4879807692307692 0.7524038461538461 0.4879807692307692
5 0.5625 0.21394230769230768 0.625 0.21394230769230768 0.625 0.3870192307692308 0.5625 0.3870192307692308
1 0.4951923076923077 0.4423076923076923 0.5528846153846154 0.4423076923076923 0.5528846153846154 0.5865384615384616 0.4951923076923077 0.5865384615384616
4 0.6490384615384616 0.18990384615384615 0.6971153846153846 0.18990384615384615 0.6971153846153846 0.29086538461538464 0.6490384615384616 0.29086538461538464
4 0.6394230769230769 0.10336538461538461 0.6826923076923077 0.10336538461538461 0.6826923076923077 0.20192307692307693 0.6394230769230769 0.20192307692307693
4 0.6730769230769231 0.36538461538461536 0.7259615384615384 0.36538461538461536 0.7259615384615384 0.47836538461538464 0.6730769230769231 0.47836538461538464
4 0.6850961538461539 0.47596153846153844 0.7379807692307693 0.47596153846153844 0.7379807692307693 0.5817307692307693 0.6850961538461539 0.5817307692307693
4 0.6225961538461539 0.7139423076923077 0.6778846153846154 0.7139423076923077 0.6778846153846154 0.8341346153846154 0.6225961538461539 0.8341346153846154
4 0.5913461538461539 0.5841346153846154 0.6442307692307693 0.5841346153846154 0.6442307692307693 0.6923076923076923 0.5913461538461539 0.6923076923076923
4 0.4831730769230769 0.25961538461538464 0.53125 0.25961538461538464 0.53125 0.3629807692307692 0.4831730769230769 0.3629807692307692
4 0.4855769230769231 0.016826923076923076 0.53125 0.016826923076923076 0.53125 0.125 0.4855769230769231 0.125
3 0.5504807692307693 0.0673076923076923 0.6105769230769231 0.0673076923076923 0.6105769230769231 0.20432692307692307 0.5504807692307693 0.20432692307692307
3 0.39663461538461536 0.3389423076923077 0.46634615384615385 0.3389423076923077 0.46634615384615385 0.47836538461538464 0.39663461538461536 0.47836538461538464
11 0.12980769230769232 0.1875 0.20673076923076922 0.1875 0.20673076923076922 0.3701923076923077 0.12980769230769232 0.3701923076923077
8 0.11298076923076923 0.2668269230769231 0.19230769230769232 0.2668269230769231 0.19230769230769232 0.46875 0.11298076923076923 0.46875
12 0.2091346153846154 0.6850961538461539 0.27884615384615385 0.6850961538461539 0.27884615384615385 0.8293269230769231 0.2091346153846154 0.8293269230769231
12 0.15144230769230768 0.004807692307692308 0.21634615384615385 0.004807692307692308 0.21634615384615385 0.10336538461538461 0.15144230769230768 0.10336538461538461
7 0.31971153846153844 0.007211538461538462 0.37259615384615385 0.007211538461538462 0.37259615384615385 0.11538461538461539 0.31971153846153844 0.11538461538461539
7 0.10576923076923077 0.4230769230769231 0.17307692307692307 0.4230769230769231 0.17307692307692307 0.5673076923076923 0.10576923076923077 0.5673076923076923
9 0.31971153846153844 0.12980769230769232 0.3798076923076923 0.12980769230769232 0.3798076923076923 0.27403846153846156 0.31971153846153844 0.27403846153846156
9 0.11538461538461539 0.5432692307692307 0.18990384615384615 0.5432692307692307 0.18990384615384615 0.6923076923076923 0.11538461538461539 0.6923076923076923
10 0.40384615384615385 0.25721153846153844 0.4495192307692308 0.25721153846153844 0.4495192307692308 0.36538461538461536 0.40384615384615385 0.36538461538461536
10 0.3894230769230769 0.08653846153846154 0.4423076923076923 0.08653846153846154 0.4423076923076923 0.19471153846153846 0.3894230769230769 0.19471153846153846
10 0.2403846153846154 0.004807692307692308 0.28846153846153844 0.004807692307692308 0.28846153846153844 0.10817307692307693 0.2403846153846154 0.10817307692307693
10 0.23798076923076922 0.17307692307692307 0.29086538461538464 0.17307692307692307 0.29086538461538464 0.2764423076923077 0.23798076923076922 0.2764423076923077
10 0.23076923076923078 0.3629807692307692 0.28846153846153844 0.3629807692307692 0.28846153846153844 0.46634615384615385 0.23076923076923078 0.46634615384615385
10 0.22596153846153846 0.46875 0.2764423076923077 0.46875 0.2764423076923077 0.5769230769230769 0.22596153846153846 0.5769230769230769
10 0.22355769230769232 0.5721153846153846 0.28365384615384615 0.5721153846153846 0.28365384615384615 0.6899038461538461 0.22355769230769232 0.6899038461538461
10 0.4182692307692308 0.7019230769230769 0.47596153846153844 0.7019230769230769 0.47596153846153844 0.8221153846153846 0.4182692307692308 0.8221153846153846