1 0.6730769230769231 0.5336538461538461 0.7379807692307693 0.5336538461538461 0.7379807692307693 0.6899038461538461 0.6730769230769231 0.6899038461538461
6 0.5456730769230769 0 0.6057692307692307 0 0.6057692307692307 0.11057692307692307 0.5456730769230769 0.11057692307692307
6 0.8052884615384616 0.6634615384615384 0.875 0.6634615384615384 0.875 0.8052884615384616 0.8052884615384616 0.8052884615384616
2 0.7475961538461539 0.2548076923076923 0.8293269230769231 0.2548076923076923 0.8293269230769231 0.46153846153846156 0.7475961538461539 0.46153846153846156
5 0.5576923076923077 0.1971153846153846 0.6177884615384616 0.1971153846153846 0.6177884615384616 0.36778846153846156 0.5576923076923077 0.36778846153846156
1 0.49038461538461536 0.42788461538461536 0.5456730769230769 0.42788461538461536 0.5456730769230769 0.5673076923076923 0.49038461538461536 0.5673076923076923
4 0.6442307692307693 0.16826923076923078 0.6923076923076923 0.16826923076923078 0.6923076923076923 0.2692307692307692 0.6442307692307693 0.2692307692307692
4 0.6370192307692307 0.08173076923076923 0.6778846153846154 0.08173076923076923 0.6778846153846154 0.18028846153846154 0.6370192307692307 0.18028846153846154
4 0.6682692307692307 0.34134615384615385 0.7163461538461539 0.34134615384615385 0.7163461538461539 0.4543269230769231 0.6682692307692307 0.4543269230769231
4 0.6778846153846154 0.4519230769230769 0.7307692307692307 0.4519230769230769 0.7307692307692307 0.5576923076923077 0.6778846153846154 0.5576923076923077
4 0.6105769230769231 0.6947115384615384 0.6658653846153846 0.6947115384615384 0.6658653846153846 0.8125 0.6105769230769231 0.8125
4 0.5817307692307693 0.5649038461538461 0.6370192307692307 0.5649038461538461 0.6370192307692307 0.6730769230769231 0.5817307692307693 0.6730769230769231
4 0.47836538461538464 0.24278846153846154 0.5264423076923077 0.24278846153846154 0.5264423076923077 0.34615384615384615 0.47836538461538464 0.34615384615384615
4 0.4831730769230769 0 0.5264423076923077 0 0.5264423076923077 0.10817307692307693 0.4831730769230769 0.10817307692307693
3 0.5480769230769231 0.05048076923076923 0.6057692307692307 0.05048076923076923 0.6057692307692307 0.18509615384615385 0.5480769230769231 0.18509615384615385
3 0.3918269230769231 0.3245192307692308 0.45913461538461536 0.3245192307692308 0.45913461538461536 0.4639423076923077 0.3918269230769231 0.4639423076923077
11 0.125 0.18269230769230768 0.19951923076923078 0.18269230769230768 0.19951923076923078 0.36538461538461536 0.125 0.36538461538461536
8 0.10817307692307693 0.2620192307692308 0.18509615384615385 0.2620192307692308 0.18509615384615385 0.4639423076923077 0.10817307692307693 0.4639423076923077
12 0.19951923076923078 0.6778846153846154 0.2668269230769231 0.6778846153846154 0.2668269230769231 0.8221153846153846 0.19951923076923078 0.8221153846153846
12 0.15144230769230768 0 0.21394230769230768 0 0.21394230769230768 0.09615384615384616 0.15144230769230768 0.09615384615384616
7 0.31971153846153844 0 0.36778846153846156 0 0.36778846153846156 0.10096153846153846 0.31971153846153844 0.10096153846153846
7 0.10096153846153846 0.4206730769230769 0.1658653846153846 0.4206730769230769 0.1658653846153846 0.5625 0.10096153846153846 0.5625
9 0.3173076923076923 0.11778846153846154 0.375 0.11778846153846154 0.375 0.2620192307692308 0.3173076923076923 0.2620192307692308
9 0.10817307692307693 0.5384615384615384 0.1778846153846154 0.5384615384615384 0.1778846153846154 0.6875 0.10817307692307693 0.6875
10 0.39903846153846156 0.24278846153846154 0.44471153846153844 0.24278846153846154 0.44471153846153844 0.35096153846153844 0.39903846153846156 0.35096153846153844
10 0.3870192307692308 0.07211538461538461 0.4375 0.07211538461538461 0.4375 0.18269230769230768 0.3870192307692308 0.18269230769230768
10 0.23798076923076922 0 0.28846153846153844 0 0.28846153846153844 0.10096153846153846 0.23798076923076922 0.10096153846153846
10 0.23557692307692307 0.1658653846153846 0.2860576923076923 0.1658653846153846 0.2860576923076923 0.2692307692307692 0.23557692307692307 0.2692307692307692
10 0.22355769230769232 0.3557692307692308 0.28125 0.3557692307692308 0.28125 0.4567307692307692 0.22355769230769232 0.4567307692307692
10 0.22115384615384615 0.46153846153846156 0.2692307692307692 0.46153846153846156 0.2692307692307692 0.5697115384615384 0.22115384615384615 0.5697115384615384
10 0.21634615384615385 0.5673076923076923 0.27403846153846156 0.5673076923076923 0.27403846153846156 0.6826923076923077 0.21634615384615385 0.6826923076923077
10 0.40865384615384615 0.6875 0.46634615384615385 0.6875 0.46634615384615385 0.8076923076923077 0.40865384615384615 0.8076923076923077