5 0.44471153846153844 0.33653846153846156 0.5144230769230769 0.33653846153846156 0.5144230769230769 0.5168269230769231 0.44471153846153844 0.5168269230769231
2 0.18269230769230768 0.18990384615384615 0.2668269230769231 0.18990384615384615 0.2668269230769231 0.40384615384615385 0.18269230769230768 0.40384615384615385
6 0.16826923076923078 0.3701923076923077 0.24278846153846154 0.3701923076923077 0.24278846153846154 0.5096153846153846 0.16826923076923078 0.5096153846153846
4 0.21634615384615385 0.7331730769230769 0.28365384615384615 0.7331730769230769 0.28365384615384615 0.8557692307692307 0.21634615384615385 0.8557692307692307
4 0.2860576923076923 0.28846153846153844 0.3389423076923077 0.28846153846153844 0.3389423076923077 0.4014423076923077 0.2860576923076923 0.4014423076923077
4 0.46153846153846156 0.20192307692307693 0.5120192307692307 0.20192307692307693 0.5120192307692307 0.32211538461538464 0.46153846153846156 0.32211538461538464
4 0.4254807692307692 0.6105769230769231 0.4855769230769231 0.6105769230769231 0.4855769230769231 0.7379807692307693 0.4254807692307692 0.7379807692307693
4 0.3605769230769231 0.4855769230769231 0.4206730769230769 0.4855769230769231 0.4206730769230769 0.6033653846153846 0.3605769230769231 0.6033653846153846
4 0.4831730769230769 0.11298076923076923 0.5384615384615384 0.11298076923076923 0.5384615384615384 0.22596153846153846 0.4831730769230769 0.22596153846153846
6 0.4014423076923077 0.019230769230769232 0.45913461538461536 0.019230769230769232 0.45913461538461536 0.14423076923076922 0.4014423076923077 0.14423076923076922
1 0.37259615384615385 0.07932692307692307 0.42788461538461536 0.07932692307692307 0.42788461538461536 0.23317307692307693 0.37259615384615385 0.23317307692307693
1 0.6105769230769231 0.47115384615384615 0.6923076923076923 0.47115384615384615 0.6923076923076923 0.6225961538461539 0.6105769230769231 0.6225961538461539
9 0.6201923076923077 0.25721153846153844 0.6826923076923077 0.25721153846153844 0.6826923076923077 0.3942307692307692 0.6201923076923077 0.3942307692307692
9 0.7211538461538461 0.7283653846153846 0.8076923076923077 0.7283653846153846 0.8076923076923077 0.8846153846153846 0.7211538461538461 0.8846153846153846
12 0.7788461538461539 0.02403846153846154 0.8413461538461539 0.02403846153846154 0.8413461538461539 0.15625 0.7788461538461539 0.15625
11 0.625 0.0625 0.6971153846153846 0.0625 0.6971153846153846 0.2403846153846154 0.625 0.2403846153846154
8 0.7980769230769231 0.30528846153846156 0.8918269230769231 0.30528846153846156 0.8918269230769231 0.5240384615384616 0.7980769230769231 0.5240384615384616
7 0.7908653846153846 0.07932692307692307 0.8557692307692307 0.07932692307692307 0.8557692307692307 0.2283653846153846 0.7908653846153846 0.2283653846153846
7 0.6105769230769231 0.3605769230769231 0.6802884615384616 0.3605769230769231 0.6802884615384616 0.5120192307692307 0.6105769230769231 0.5120192307692307
10 0.5649038461538461 0.03365384615384615 0.6153846153846154 0.03365384615384615 0.6153846153846154 0.13942307692307693 0.5649038461538461 0.13942307692307693
10 0.5576923076923077 0.18990384615384615 0.6153846153846154 0.18990384615384615 0.6153846153846154 0.30528846153846156 0.5576923076923077 0.30528846153846156
10 0.7067307692307693 0.11057692307692307 0.7620192307692307 0.11057692307692307 0.7620192307692307 0.22355769230769232 0.7067307692307693 0.22355769230769232
10 0.7163461538461539 0.28125 0.7740384615384616 0.28125 0.7740384615384616 0.4014423076923077 0.7163461538461539 0.4014423076923077
10 0.7139423076923077 0.3894230769230769 0.7764423076923077 0.3894230769230769 0.7764423076923077 0.5048076923076923 0.7139423076923077 0.5048076923076923
10 0.7235576923076923 0.6153846153846154 0.7908653846153846 0.6153846153846154 0.7908653846153846 0.7379807692307693 0.7235576923076923 0.7379807692307693