5 0.4423076923076923 0.3076923076923077 0.5144230769230769 0.3076923076923077 0.5144230769230769 0.4879807692307692 0.4423076923076923 0.4879807692307692
2 0.18269230769230768 0.17067307692307693 0.2644230769230769 0.17067307692307693 0.2644230769230769 0.3870192307692308 0.18269230769230768 0.3870192307692308
6 0.16826923076923078 0.35336538461538464 0.2403846153846154 0.35336538461538464 0.2403846153846154 0.49038461538461536 0.16826923076923078 0.49038461538461536
4 0.21875 0.7139423076923077 0.28365384615384615 0.7139423076923077 0.28365384615384615 0.8365384615384616 0.21875 0.8365384615384616
4 0.2860576923076923 0.2668269230769231 0.33653846153846156 0.2668269230769231 0.33653846153846156 0.3798076923076923 0.2860576923076923 0.3798076923076923
4 0.45913461538461536 0.17307692307692307 0.5096153846153846 0.17307692307692307 0.5096153846153846 0.2956730769230769 0.45913461538461536 0.2956730769230769
4 0.4254807692307692 0.5841346153846154 0.4855769230769231 0.5841346153846154 0.4855769230769231 0.7115384615384616 0.4254807692307692 0.7115384615384616
4 0.3605769230769231 0.45913461538461536 0.4206730769230769 0.45913461538461536 0.4206730769230769 0.5793269230769231 0.3605769230769231 0.5793269230769231
4 0.4831730769230769 0.08173076923076923 0.5360576923076923 0.08173076923076923 0.5360576923076923 0.1971153846153846 0.4831730769230769 0.1971153846153846
6 0.39903846153846156 0 0.4543269230769231 0 0.4543269230769231 0.11778846153846154 0.39903846153846156 0.11778846153846154
1 0.3701923076923077 0.055288461538461536 0.4254807692307692 0.055288461538461536 0.4254807692307692 0.2091346153846154 0.3701923076923077 0.2091346153846154
1 0.6105769230769231 0.4375 0.6899038461538461 0.4375 0.6899038461538461 0.5889423076923077 0.6105769230769231 0.5889423076923077
9 0.6201923076923077 0.22115384615384615 0.6826923076923077 0.22115384615384615 0.6826923076923077 0.3605769230769231 0.6201923076923077 0.3605769230769231
9 0.7235576923076923 0.6875 0.8076923076923077 0.6875 0.8076923076923077 0.84375 0.7235576923076923 0.84375
12 0.7764423076923077 0 0.8389423076923077 0 0.8389423076923077 0.11298076923076923 0.7764423076923077 0.11298076923076923
11 0.6225961538461539 0.026442307692307692 0.6923076923076923 0.026442307692307692 0.6923076923076923 0.20432692307692307 0.6225961538461539 0.20432692307692307
8 0.7956730769230769 0.2620192307692308 0.8894230769230769 0.2620192307692308 0.8894230769230769 0.4831730769230769 0.7956730769230769 0.4831730769230769
7 0.7884615384615384 0.036057692307692304 0.8509615384615384 0.036057692307692304 0.8509615384615384 0.18509615384615385 0.7884615384615384 0.18509615384615385
7 0.6105769230769231 0.3245192307692308 0.6778846153846154 0.3245192307692308 0.6778846153846154 0.47596153846153844 0.6105769230769231 0.47596153846153844
10 0.5625 0 0.6129807692307693 0 0.6129807692307693 0.10817307692307693 0.5625 0.10817307692307693
10 0.5576923076923077 0.15625 0.6129807692307693 0.15625 0.6129807692307693 0.27163461538461536 0.5576923076923077 0.27163461538461536
10 0.7043269230769231 0.07211538461538461 0.7572115384615384 0.07211538461538461 0.7572115384615384 0.18509615384615385 0.7043269230769231 0.18509615384615385
10 0.7163461538461539 0.24278846153846154 0.7716346153846154 0.24278846153846154 0.7716346153846154 0.3629807692307692 0.7163461538461539 0.3629807692307692
10 0.7139423076923077 0.3485576923076923 0.7764423076923077 0.3485576923076923 0.7764423076923077 0.4639423076923077 0.7139423076923077 0.4639423076923077
10 0.7235576923076923 0.5721153846153846 0.7908653846153846 0.5721153846153846 0.7908653846153846 0.6971153846153846 0.7235576923076923 0.6971153846153846