12 0.7908653846153846 0.040865384615384616 0.8533653846153846 0.040865384615384616 0.8533653846153846 0.17307692307692307 0.7908653846153846 0.17307692307692307
8 0.8076923076923077 0.22596153846153846 0.8990384615384616 0.22596153846153846 0.8990384615384616 0.4375 0.8076923076923077 0.4375
7 0.8028846153846154 0.09134615384615384 0.8653846153846154 0.09134615384615384 0.8653846153846154 0.24278846153846154 0.8028846153846154 0.24278846153846154
11 0.6298076923076923 0.06490384615384616 0.7043269230769231 0.06490384615384616 0.7043269230769231 0.25721153846153844 0.6298076923076923 0.25721153846153844
9 0.7307692307692307 0.7475961538461539 0.8197115384615384 0.7475961538461539 0.8197115384615384 0.9134615384615384 0.7307692307692307 0.9134615384615384
10 0.7163461538461539 0.125 0.7716346153846154 0.125 0.7716346153846154 0.24278846153846154 0.7163461538461539 0.24278846153846154
10 0.7307692307692307 0.30528846153846156 0.7836538461538461 0.30528846153846156 0.7836538461538461 0.4206730769230769 0.7307692307692307 0.4206730769230769
10 0.7235576923076923 0.40625 0.7836538461538461 0.40625 0.7836538461538461 0.5264423076923077 0.7235576923076923 0.5264423076923077
10 0.6201923076923077 0.5336538461538461 0.6826923076923077 0.5336538461538461 0.6826923076923077 0.6514423076923077 0.6201923076923077 0.6514423076923077
2 0.1778846153846154 0.1971153846153846 0.27163461538461536 0.1971153846153846 0.27163461538461536 0.41346153846153844 0.1778846153846154 0.41346153846153844
1 0.37740384615384615 0.08653846153846154 0.43509615384615385 0.08653846153846154 0.43509615384615385 0.24519230769230768 0.37740384615384615 0.24519230769230768
6 0.40625 0.014423076923076924 0.4639423076923077 0.014423076923076924 0.4639423076923077 0.15625 0.40625 0.15625
6 0.46153846153846156 0.29086538461538464 0.5264423076923077 0.29086538461538464 0.5264423076923077 0.43028846153846156 0.46153846153846156 0.43028846153846156
3 0.7259615384615384 0.5913461538461539 0.8028846153846154 0.5913461538461539 0.8028846153846154 0.7644230769230769 0.7259615384615384 0.7644230769230769
3 0.625 0.38221153846153844 0.6947115384615384 0.38221153846153844 0.6947115384615384 0.5432692307692307 0.625 0.5432692307692307
4 0.5625 0.13942307692307693 0.6153846153846154 0.13942307692307693 0.6153846153846154 0.25240384615384615 0.5625 0.25240384615384615
4 0.28846153846153844 0.2956730769230769 0.3389423076923077 0.2956730769230769 0.3389423076923077 0.41346153846153844 0.28846153846153844 0.41346153846153844
4 0.44711538461538464 0.7788461538461539 0.5072115384615384 0.7788461538461539 0.5072115384615384 0.9014423076923077 0.44711538461538464 0.9014423076923077
4 0.42788461538461536 0.6346153846153846 0.4855769230769231 0.6346153846153846 0.4855769230769231 0.7548076923076923 0.42788461538461536 0.7548076923076923
4 0.3629807692307692 0.49759615384615385 0.4206730769230769 0.49759615384615385 0.4206730769230769 0.6225961538461539 0.3629807692307692 0.6225961538461539