12 0.7740384615384616 0.02403846153846154 0.8389423076923077 0.02403846153846154 0.8389423076923077 0.15384615384615385 0.7740384615384616 0.15384615384615385
8 0.7908653846153846 0.21153846153846154 0.8846153846153846 0.21153846153846154 0.8846153846153846 0.4230769230769231 0.7908653846153846 0.4230769230769231
7 0.7884615384615384 0.07451923076923077 0.8509615384615384 0.07451923076923077 0.8509615384615384 0.22596153846153846 0.7884615384615384 0.22596153846153846
11 0.6129807692307693 0.05048076923076923 0.6875 0.05048076923076923 0.6875 0.24278846153846154 0.6129807692307693 0.24278846153846154
9 0.7091346153846154 0.7427884615384616 0.8028846153846154 0.7427884615384616 0.8028846153846154 0.9086538461538461 0.7091346153846154 0.9086538461538461
10 0.6995192307692307 0.11057692307692307 0.7548076923076923 0.11057692307692307 0.7548076923076923 0.2283653846153846 0.6995192307692307 0.2283653846153846
10 0.7115384615384616 0.29086538461538464 0.7668269230769231 0.29086538461538464 0.7668269230769231 0.40625 0.7115384615384616 0.40625
10 0.7067307692307693 0.39663461538461536 0.7692307692307693 0.39663461538461536 0.7692307692307693 0.5168269230769231 0.7067307692307693 0.5168269230769231
10 0.5985576923076923 0.5264423076923077 0.6634615384615384 0.5264423076923077 0.6634615384615384 0.6466346153846154 0.5985576923076923 0.6466346153846154
2 0.15144230769230768 0.1971153846153846 0.24759615384615385 0.1971153846153846 0.24759615384615385 0.41586538461538464 0.15144230769230768 0.41586538461538464
1 0.3557692307692308 0.07932692307692307 0.41346153846153844 0.07932692307692307 0.41346153846153844 0.2403846153846154 0.3557692307692308 0.2403846153846154
6 0.38461538461538464 0.004807692307692308 0.44471153846153844 0.004807692307692308 0.44471153846153844 0.1466346153846154 0.38461538461538464 0.1466346153846154
6 0.43990384615384615 0.28365384615384615 0.5072115384615384 0.28365384615384615 0.5072115384615384 0.4254807692307692 0.43990384615384615 0.4254807692307692
3 0.7067307692307693 0.5841346153846154 0.7884615384615384 0.5841346153846154 0.7884615384615384 0.7596153846153846 0.7067307692307693 0.7596153846153846
3 0.6057692307692307 0.375 0.6778846153846154 0.375 0.6778846153846154 0.5336538461538461 0.6057692307692307 0.5336538461538461
4 0.5432692307692307 0.12980769230769232 0.5985576923076923 0.12980769230769232 0.5985576923076923 0.24278846153846154 0.5432692307692307 0.24278846153846154
4 0.2644230769230769 0.2932692307692308 0.31490384615384615 0.2932692307692308 0.31490384615384615 0.41346153846153844 0.2644230769230769 0.41346153846153844
4 0.4206730769230769 0.78125 0.4855769230769231 0.78125 0.4855769230769231 0.90625 0.4206730769230769 0.90625
4 0.4014423076923077 0.6346153846153846 0.4639423076923077 0.6346153846153846 0.4639423076923077 0.7548076923076923 0.4014423076923077 0.7548076923076923
4 0.33653846153846156 0.49759615384615385 0.39663461538461536 0.49759615384615385 0.39663461538461536 0.6225961538461539 0.33653846153846156 0.6225961538461539