12 0.11778846153846154 0.021634615384615384 0.18269230769230768 0.021634615384615384 0.18269230769230768 0.15384615384615385 0.11778846153846154 0.15384615384615385
8 0.0625 0.2091346153846154 0.15865384615384615 0.2091346153846154 0.15865384615384615 0.4230769230769231 0.0625 0.4230769230769231
7 0.10336538461538461 0.07211538461538461 0.16826923076923078 0.07211538461538461 0.16826923076923078 0.22596153846153846 0.10336538461538461 0.22596153846153846
11 0.2668269230769231 0.05048076923076923 0.34375 0.05048076923076923 0.34375 0.24519230769230768 0.2668269230769231 0.24519230769230768
9 0.125 0.7451923076923077 0.21875 0.7451923076923077 0.21875 0.9134615384615384 0.125 0.9134615384615384
10 0.1971153846153846 0.10817307692307693 0.2548076923076923 0.10817307692307693 0.2548076923076923 0.2283653846153846 0.1971153846153846 0.2283653846153846
10 0.18028846153846154 0.29086538461538464 0.23557692307692307 0.29086538461538464 0.23557692307692307 0.40865384615384615 0.18028846153846154 0.40865384615384615
10 0.17548076923076922 0.39663461538461536 0.23798076923076922 0.39663461538461536 0.23798076923076922 0.5168269230769231 0.17548076923076922 0.5168269230769231
10 0.27163461538461536 0.53125 0.3389423076923077 0.53125 0.3389423076923077 0.6490384615384616 0.27163461538461536 0.6490384615384616
2 0.7043269230769231 0.20673076923076922 0.8004807692307693 0.20673076923076922 0.8004807692307693 0.4254807692307692 0.7043269230769231 0.4254807692307692
1 0.5408653846153846 0.08413461538461539 0.6009615384615384 0.08413461538461539 0.6009615384615384 0.24519230769230768 0.5408653846153846 0.24519230769230768
6 0.5144230769230769 0.009615384615384616 0.5745192307692307 0.009615384615384616 0.5745192307692307 0.15144230769230768 0.5144230769230769 0.15144230769230768
6 0.4423076923076923 0.28846153846153844 0.5096153846153846 0.28846153846153844 0.5096153846153846 0.4326923076923077 0.4423076923076923 0.4326923076923077
3 0.1466346153846154 0.5865384615384616 0.2283653846153846 0.5865384615384616 0.2283653846153846 0.7620192307692307 0.1466346153846154 0.7620192307692307
3 0.2668269230769231 0.37740384615384615 0.3389423076923077 0.37740384615384615 0.3389423076923077 0.5384615384615384 0.2668269230769231 0.5384615384615384
4 0.3557692307692308 0.12980769230769232 0.41346153846153844 0.12980769230769232 0.41346153846153844 0.24519230769230768 0.3557692307692308 0.24519230769230768
4 0.6346153846153846 0.3004807692307692 0.6875 0.3004807692307692 0.6875 0.4206730769230769 0.6346153846153846 0.4206730769230769
4 0.4423076923076923 0.7884615384615384 0.5072115384615384 0.7884615384615384 0.5072115384615384 0.9134615384615384 0.4423076923076923 0.9134615384615384
4 0.47115384615384615 0.6394230769230769 0.5336538461538461 0.6394230769230769 0.5336538461538461 0.7644230769230769 0.47115384615384615 0.7644230769230769
4 0.5408653846153846 0.5072115384615384 0.6033653846153846 0.5072115384615384 0.6033653846153846 0.6322115384615384 0.5408653846153846 0.6322115384615384