6 0.09375 0.6826923076923077 0.17548076923076922 0.6826923076923077 0.17548076923076922 0.8245192307692307 0.09375 0.8245192307692307
12 0.30288461538461536 0.6634615384615384 0.37259615384615385 0.6634615384615384 0.37259615384615385 0.8076923076923077 0.30288461538461536 0.8076923076923077
2 0.20673076923076922 0.5048076923076923 0.2980769230769231 0.5048076923076923 0.2980769230769231 0.7067307692307693 0.20673076923076922 0.7067307692307693
5 0.3485576923076923 0.20432692307692307 0.4182692307692308 0.20432692307692307 0.4182692307692308 0.38461538461538464 0.3485576923076923 0.38461538461538464
4 0.25240384615384615 0.35096153846153844 0.3125 0.35096153846153844 0.3125 0.46875 0.25240384615384615 0.46875
4 0.2764423076923077 0.17307692307692307 0.3293269230769231 0.17307692307692307 0.3293269230769231 0.2860576923076923 0.2764423076923077 0.2860576923076923
4 0.3317307692307692 0.4543269230769231 0.38221153846153844 0.4543269230769231 0.38221153846153844 0.5673076923076923 0.3317307692307692 0.5673076923076923
3 0.5120192307692307 0.3245192307692308 0.5817307692307693 0.3245192307692308 0.5817307692307693 0.4639423076923077 0.5120192307692307 0.4639423076923077
4 0.44471153846153844 0.24519230769230768 0.49278846153846156 0.24519230769230768 0.49278846153846156 0.35096153846153844 0.44471153846153844 0.35096153846153844
9 0.44711538461538464 0.057692307692307696 0.5048076923076923 0.057692307692307696 0.5048076923076923 0.1971153846153846 0.44711538461538464 0.1971153846153846
9 0.5 0.6610576923076923 0.5721153846153846 0.6610576923076923 0.5721153846153846 0.8197115384615384 0.5 0.8197115384615384
7 0.5168269230769231 0.5336538461538461 0.5745192307692307 0.5336538461538461 0.5745192307692307 0.6802884615384616 0.5168269230769231 0.6802884615384616
11 0.5961538461538461 0.1971153846153846 0.6586538461538461 0.1971153846153846 0.6586538461538461 0.37740384615384615 0.5961538461538461 0.37740384615384615
8 0.6850961538461539 0.25961538461538464 0.7596153846153846 0.25961538461538464 0.7596153846153846 0.46875 0.6850961538461539 0.46875
12 0.7596153846153846 0.009615384615384616 0.8100961538461539 0.009615384615384616 0.8100961538461539 0.10096153846153846 0.7596153846153846 0.10096153846153846
10 0.5240384615384616 0.24759615384615385 0.5745192307692307 0.24759615384615385 0.5745192307692307 0.35336538461538464 0.5240384615384616 0.35336538461538464
10 0.6802884615384616 0.007211538461538462 0.7331730769230769 0.007211538461538462 0.7331730769230769 0.0985576923076923 0.6802884615384616 0.0985576923076923
10 0.6778846153846154 0.15384615384615385 0.7307692307692307 0.15384615384615385 0.7307692307692307 0.2620192307692308 0.6778846153846154 0.2620192307692308
10 0.6971153846153846 0.5576923076923077 0.7620192307692307 0.5576923076923077 0.7620192307692307 0.6730769230769231 0.6971153846153846 0.6730769230769231