6 0.08173076923076923 0.6730769230769231 0.16346153846153846 0.6730769230769231 0.16346153846153846 0.8125 0.08173076923076923 0.8125
12 0.28846153846153844 0.6538461538461539 0.3605769230769231 0.6538461538461539 0.3605769230769231 0.7956730769230769 0.28846153846153844 0.7956730769230769
2 0.1971153846153846 0.49759615384615385 0.28846153846153844 0.49759615384615385 0.28846153846153844 0.6971153846153846 0.1971153846153846 0.6971153846153846
5 0.3389423076923077 0.20192307692307693 0.40865384615384615 0.20192307692307693 0.40865384615384615 0.37740384615384615 0.3389423076923077 0.37740384615384615
4 0.24278846153846154 0.34615384615384615 0.30288461538461536 0.34615384615384615 0.30288461538461536 0.46153846153846156 0.24278846153846154 0.46153846153846156
4 0.2692307692307692 0.17067307692307693 0.32211538461538464 0.17067307692307693 0.32211538461538464 0.28125 0.2692307692307692 0.28125
4 0.31971153846153844 0.44711538461538464 0.3701923076923077 0.44711538461538464 0.3701923076923077 0.5576923076923077 0.31971153846153844 0.5576923076923077
3 0.5 0.3173076923076923 0.5673076923076923 0.3173076923076923 0.5673076923076923 0.4567307692307692 0.5 0.4567307692307692
4 0.43509615384615385 0.24278846153846154 0.4807692307692308 0.24278846153846154 0.4807692307692308 0.34615384615384615 0.43509615384615385 0.34615384615384615
9 0.4375 0.057692307692307696 0.49759615384615385 0.057692307692307696 0.49759615384615385 0.19471153846153846 0.4375 0.19471153846153846
9 0.4831730769230769 0.6514423076923077 0.5552884615384616 0.6514423076923077 0.5552884615384616 0.8076923076923077 0.4831730769230769 0.8076923076923077
7 0.5 0.5264423076923077 0.5600961538461539 0.5264423076923077 0.5600961538461539 0.6706730769230769 0.5 0.6706730769230769
11 0.5817307692307693 0.19230769230769232 0.6466346153846154 0.19230769230769232 0.6466346153846154 0.37259615384615385 0.5817307692307693 0.37259615384615385
8 0.6682692307692307 0.25721153846153844 0.7427884615384616 0.25721153846153844 0.7427884615384616 0.46153846153846156 0.6682692307692307 0.46153846153846156
12 0.7451923076923077 0.009615384615384616 0.7980769230769231 0.009615384615384616 0.7980769230769231 0.10096153846153846 0.7451923076923077 0.10096153846153846
10 0.5120192307692307 0.24278846153846154 0.5625 0.24278846153846154 0.5625 0.34615384615384615 0.5120192307692307 0.34615384615384615
10 0.6682692307692307 0.007211538461538462 0.7235576923076923 0.007211538461538462 0.7235576923076923 0.09615384615384616 0.6682692307692307 0.09615384615384616
10 0.6634615384615384 0.15144230769230768 0.71875 0.15144230769230768 0.71875 0.25961538461538464 0.6634615384615384 0.25961538461538464
10 0.6778846153846154 0.5480769230769231 0.7427884615384616 0.5480769230769231 0.7427884615384616 0.6634615384615384 0.6778846153846154 0.6634615384615384