6 0.84375 0.6778846153846154 0.9254807692307693 0.6778846153846154 0.9254807692307693 0.8197115384615384 0.84375 0.8197115384615384
12 0.6442307692307693 0.6586538461538461 0.7139423076923077 0.6586538461538461 0.7139423076923077 0.8028846153846154 0.6442307692307693 0.8028846153846154
2 0.7211538461538461 0.5 0.8100961538461539 0.5 0.8100961538461539 0.7019230769230769 0.7211538461538461 0.7019230769230769
5 0.6057692307692307 0.1971153846153846 0.6730769230769231 0.1971153846153846 0.6730769230769231 0.37740384615384615 0.6057692307692307 0.37740384615384615
4 0.7091346153846154 0.34615384615384615 0.7692307692307693 0.34615384615384615 0.7692307692307693 0.46153846153846156 0.7091346153846154 0.46153846153846156
4 0.6923076923076923 0.1658653846153846 0.7451923076923077 0.1658653846153846 0.7451923076923077 0.28125 0.6923076923076923 0.28125
4 0.6370192307692307 0.4495192307692308 0.6875 0.4495192307692308 0.6875 0.5625 0.6370192307692307 0.5625
3 0.43990384615384615 0.3173076923076923 0.5072115384615384 0.3173076923076923 0.5072115384615384 0.45913461538461536 0.43990384615384615 0.45913461538461536
4 0.53125 0.23798076923076922 0.5769230769230769 0.23798076923076922 0.5769230769230769 0.34375 0.53125 0.34375
9 0.5168269230769231 0.05048076923076923 0.5745192307692307 0.05048076923076923 0.5745192307692307 0.18990384615384615 0.5168269230769231 0.18990384615384615
9 0.44471153846153844 0.65625 0.5144230769230769 0.65625 0.5144230769230769 0.8149038461538461 0.44471153846153844 0.8149038461538461
7 0.44471153846153844 0.5288461538461539 0.5 0.5288461538461539 0.5 0.6754807692307693 0.44471153846153844 0.6754807692307693
11 0.3629807692307692 0.1875 0.4254807692307692 0.1875 0.4254807692307692 0.37259615384615385 0.3629807692307692 0.37259615384615385
8 0.2620192307692308 0.25240384615384615 0.33413461538461536 0.25240384615384615 0.33413461538461536 0.4639423076923077 0.2620192307692308 0.4639423076923077
12 0.21394230769230768 0 0.2644230769230769 0 0.2644230769230769 0.09375 0.21394230769230768 0.09375
10 0.44711538461538464 0.2403846153846154 0.49759615384615385 0.2403846153846154 0.49759615384615385 0.34615384615384615 0.44711538461538464 0.34615384615384615
10 0.28846153846153844 0 0.34134615384615385 0 0.34134615384615385 0.09134615384615384 0.28846153846153844 0.09134615384615384
10 0.29086538461538464 0.1466346153846154 0.34375 0.1466346153846154 0.34375 0.25721153846153844 0.29086538461538464 0.25721153846153844
10 0.25721153846153844 0.5528846153846154 0.31971153846153844 0.5528846153846154 0.31971153846153844 0.6682692307692307 0.25721153846153844 0.6682692307692307