11 0.15865384615384615 0.18509615384615385 0.23076923076923078 0.18509615384615385 0.23076923076923078 0.3581730769230769 0.15865384615384615 0.3581730769230769
8 0.14182692307692307 0.2644230769230769 0.21634615384615385 0.2644230769230769 0.21634615384615385 0.45913461538461536 0.14182692307692307 0.45913461538461536
9 0.3389423076923077 0.1201923076923077 0.4014423076923077 0.1201923076923077 0.4014423076923077 0.25961538461538464 0.3389423076923077 0.25961538461538464
9 0.14423076923076922 0.5264423076923077 0.21634615384615385 0.5264423076923077 0.21634615384615385 0.6706730769230769 0.14423076923076922 0.6706730769230769
12 0.2403846153846154 0.6682692307692307 0.3076923076923077 0.6682692307692307 0.3076923076923077 0.8052884615384616 0.2403846153846154 0.8052884615384616
12 0.18028846153846154 0 0.23798076923076922 0 0.23798076923076922 0.10336538461538461 0.18028846153846154 0.10336538461538461
7 0.13701923076923078 0.41586538461538464 0.20432692307692307 0.41586538461538464 0.20432692307692307 0.5552884615384616 0.13701923076923078 0.5552884615384616
7 0.33653846153846156 0 0.3894230769230769 0 0.3894230769230769 0.0985576923076923 0.33653846153846156 0.0985576923076923
10 0.4230769230769231 0.24278846153846154 0.46634615384615385 0.24278846153846154 0.46634615384615385 0.33653846153846156 0.4230769230769231 0.33653846153846156
10 0.41346153846153844 0.08413461538461539 0.4543269230769231 0.08413461538461539 0.4543269230769231 0.18028846153846154 0.41346153846153844 0.18028846153846154
10 0.2644230769230769 0.004807692307692308 0.31009615384615385 0.004807692307692308 0.31009615384615385 0.10096153846153846 0.2644230769230769 0.10096153846153846
10 0.2644230769230769 0.16826923076923078 0.31009615384615385 0.16826923076923078 0.31009615384615385 0.2668269230769231 0.2644230769230769 0.2668269230769231
10 0.25721153846153844 0.3557692307692308 0.3125 0.3557692307692308 0.3125 0.4567307692307692 0.25721153846153844 0.4567307692307692
10 0.25240384615384615 0.4543269230769231 0.30288461538461536 0.4543269230769231 0.30288461538461536 0.5600961538461539 0.25240384615384615 0.5600961538461539
10 0.2548076923076923 0.5552884615384616 0.3076923076923077 0.5552884615384616 0.3076923076923077 0.6658653846153846 0.2548076923076923 0.6658653846153846
10 0.43990384615384615 0.6706730769230769 0.49759615384615385 0.6706730769230769 0.49759615384615385 0.78125 0.43990384615384615 0.78125
3 0.5697115384615384 0.05048076923076923 0.6177884615384616 0.05048076923076923 0.6177884615384616 0.18509615384615385 0.5697115384615384 0.18509615384615385
3 0.4206730769230769 0.31490384615384615 0.4831730769230769 0.31490384615384615 0.4831730769230769 0.4567307692307692 0.4206730769230769 0.4567307692307692
5 0.7620192307692307 0.1971153846153846 0.8317307692307693 0.1971153846153846 0.8317307692307693 0.34615384615384615 0.7620192307692307 0.34615384615384615
2 0.7620192307692307 0.25721153846153844 0.8413461538461539 0.25721153846153844 0.8413461538461539 0.44471153846153844 0.7620192307692307 0.44471153846153844
6 0.5649038461538461 0 0.6129807692307693 0 0.6129807692307693 0.10817307692307693 0.5649038461538461 0.10817307692307693
6 0.8269230769230769 0.6538461538461539 0.9014423076923077 0.6538461538461539 0.9014423076923077 0.7860576923076923 0.8269230769230769 0.7860576923076923
1 0.7355769230769231 0.125 0.7836538461538461 0.125 0.7836538461538461 0.25961538461538464 0.7355769230769231 0.25961538461538464
1 0.6971153846153846 0.5288461538461539 0.7596153846153846 0.5288461538461539 0.7596153846153846 0.6706730769230769 0.6971153846153846 0.6706730769230769
4 0.6947115384615384 0.44711538461538464 0.7524038461538461 0.44711538461538464 0.7524038461538461 0.5432692307692307 0.6947115384615384 0.5432692307692307
4 0.6826923076923077 0.33653846153846156 0.7355769230769231 0.33653846153846156 0.7355769230769231 0.4423076923076923 0.6826923076923077 0.4423076923076923
4 0.6081730769230769 0.5552884615384616 0.6634615384615384 0.5552884615384616 0.6634615384615384 0.6586538461538461 0.6081730769230769 0.6586538461538461
4 0.6370192307692307 0.6778846153846154 0.6923076923076923 0.6778846153846154 0.6923076923076923 0.7836538461538461 0.6370192307692307 0.7836538461538461
4 0.65625 0.1658653846153846 0.7043269230769231 0.1658653846153846 0.7043269230769231 0.2620192307692308 0.65625 0.2620192307692308
4 0.6466346153846154 0.08173076923076923 0.6899038461538461 0.08173076923076923 0.6899038461538461 0.18269230769230768 0.6466346153846154 0.18269230769230768
4 0.5 0.007211538461538462 0.5432692307692307 0.007211538461538462 0.5432692307692307 0.10336538461538461 0.5 0.10336538461538461
4 0.5048076923076923 0.23798076923076922 0.5480769230769231 0.23798076923076922 0.5480769230769231 0.34375 0.5048076923076923 0.34375