11 0.7980769230769231 0.16105769230769232 0.8701923076923077 0.16105769230769232 0.8701923076923077 0.34375 0.7980769230769231 0.34375
8 0.8149038461538461 0.24519230769230768 0.8894230769230769 0.24519230769230768 0.8894230769230769 0.4495192307692308 0.8149038461538461 0.4495192307692308
9 0.6153846153846154 0.09615384615384616 0.6778846153846154 0.09615384615384616 0.6778846153846154 0.24278846153846154 0.6153846153846154 0.24278846153846154
9 0.8197115384615384 0.5216346153846154 0.8918269230769231 0.5216346153846154 0.8918269230769231 0.6730769230769231 0.8197115384615384 0.6730769230769231
12 0.7259615384615384 0.6754807692307693 0.7932692307692307 0.6754807692307693 0.7932692307692307 0.8173076923076923 0.7259615384615384 0.8173076923076923
12 0.7836538461538461 0 0.84375 0 0.84375 0.07451923076923077 0.7836538461538461 0.07451923076923077
7 0.8317307692307693 0.40384615384615385 0.8966346153846154 0.40384615384615385 0.8966346153846154 0.5504807692307693 0.8317307692307693 0.5504807692307693
7 0.6201923076923077 0 0.6754807692307693 0 0.6754807692307693 0.07211538461538461 0.6201923076923077 0.07211538461538461
10 0.5456730769230769 0.22596153846153846 0.5889423076923077 0.22596153846153846 0.5889423076923077 0.3245192307692308 0.5456730769230769 0.3245192307692308
10 0.5576923076923077 0.06009615384615385 0.5985576923076923 0.06009615384615385 0.5985576923076923 0.16105769230769232 0.5576923076923077 0.16105769230769232
10 0.7067307692307693 0 0.7548076923076923 0 0.7548076923076923 0.07451923076923077 0.7067307692307693 0.07451923076923077
10 0.7115384615384616 0.14423076923076922 0.7572115384615384 0.14423076923076922 0.7572115384615384 0.24759615384615385 0.7115384615384616 0.24759615384615385
10 0.7115384615384616 0.34375 0.7692307692307693 0.34375 0.7692307692307693 0.44711538461538464 0.7115384615384616 0.44711538461538464
10 0.7259615384615384 0.4495192307692308 0.7764423076923077 0.4495192307692308 0.7764423076923077 0.5600961538461539 0.7259615384615384 0.5600961538461539
10 0.7235576923076923 0.5552884615384616 0.7764423076923077 0.5552884615384616 0.7764423076923077 0.6706730769230769 0.7235576923076923 0.6706730769230769
10 0.5264423076923077 0.6826923076923077 0.5841346153846154 0.6826923076923077 0.5841346153846154 0.7980769230769231 0.5264423076923077 0.7980769230769231
3 0.38221153846153844 0.026442307692307692 0.43028846153846156 0.026442307692307692 0.43028846153846156 0.16826923076923078 0.38221153846153844 0.16826923076923078
3 0.53125 0.30288461538461536 0.5961538461538461 0.30288461538461536 0.5961538461538461 0.4519230769230769 0.53125 0.4519230769230769
5 0.16105769230769232 0.1875 0.2283653846153846 0.1875 0.2283653846153846 0.34375 0.16105769230769232 0.34375
2 0.15144230769230768 0.25240384615384615 0.23076923076923078 0.25240384615384615 0.23076923076923078 0.4495192307692308 0.15144230769230768 0.4495192307692308
6 0.38221153846153844 0 0.43509615384615385 0 0.43509615384615385 0.0889423076923077 0.38221153846153844 0.0889423076923077
6 0.09615384615384616 0.6730769230769231 0.17307692307692307 0.6730769230769231 0.17307692307692307 0.8125 0.09615384615384616 0.8125
1 0.21153846153846154 0.11298076923076923 0.2548076923076923 0.11298076923076923 0.2548076923076923 0.2548076923076923 0.21153846153846154 0.2548076923076923
1 0.24519230769230768 0.5384615384615384 0.30528846153846156 0.5384615384615384 0.30528846153846156 0.6850961538461539 0.24519230769230768 0.6850961538461539
4 0.25 0.4495192307692308 0.3076923076923077 0.4495192307692308 0.3076923076923077 0.5528846153846154 0.25 0.5528846153846154
4 0.2644230769230769 0.33413461538461536 0.3173076923076923 0.33413461538461536 0.3173076923076923 0.44471153846153844 0.2644230769230769 0.44471153846153844
4 0.34615384615384615 0.5625 0.4014423076923077 0.5625 0.4014423076923077 0.6730769230769231 0.34615384615384615 0.6730769230769231
4 0.31971153846153844 0.6923076923076923 0.375 0.6923076923076923 0.375 0.8052884615384616 0.31971153846153844 0.8052884615384616
4 0.29086538461538464 0.15384615384615385 0.34134615384615385 0.15384615384615385 0.34134615384615385 0.2548076923076923 0.29086538461538464 0.2548076923076923
4 0.30528846153846156 0.0625 0.3485576923076923 0.0625 0.3485576923076923 0.16826923076923078 0.30528846153846156 0.16826923076923078
4 0.45913461538461536 0 0.5024038461538461 0 0.5024038461538461 0.08173076923076923 0.45913461538461536 0.08173076923076923
4 0.45913461538461536 0.22596153846153846 0.5048076923076923 0.22596153846153846 0.5048076923076923 0.33413461538461536 0.45913461538461536 0.33413461538461536