2 0.19230769230769232 0.1971153846153846 0.27403846153846156 0.1971153846153846 0.27403846153846156 0.4014423076923077 0.19230769230769232 0.4014423076923077
1 0.375 0.07692307692307693 0.43028846153846156 0.07692307692307693 0.43028846153846156 0.23076923076923078 0.375 0.23076923076923078
1 0.6129807692307693 0.4639423076923077 0.6826923076923077 0.4639423076923077 0.6826923076923077 0.6153846153846154 0.6129807692307693 0.6153846153846154
3 0.37740384615384615 0.25961538461538464 0.43990384615384615 0.25961538461538464 0.43990384615384615 0.4110576923076923 0.37740384615384615 0.4110576923076923
3 0.5264423076923077 0.6995192307692307 0.6105769230769231 0.6995192307692307 0.6105769230769231 0.8629807692307693 0.5264423076923077 0.8629807692307693
6 0.39903846153846156 0.016826923076923076 0.4567307692307692 0.016826923076923076 0.4567307692307692 0.1466346153846154 0.39903846153846156 0.1466346153846154
6 0.4495192307692308 0.36538461538461536 0.5192307692307693 0.36538461538461536 0.5192307692307693 0.5048076923076923 0.4495192307692308 0.5048076923076923
4 0.23317307692307693 0.7211538461538461 0.30528846153846156 0.7211538461538461 0.30528846153846156 0.8509615384615384 0.23317307692307693 0.8509615384615384
4 0.2932692307692308 0.28365384615384615 0.3485576923076923 0.28365384615384615 0.3485576923076923 0.39663461538461536 0.2932692307692308 0.39663461538461536
4 0.4879807692307692 0.11778846153846154 0.5360576923076923 0.11778846153846154 0.5360576923076923 0.2283653846153846 0.4879807692307692 0.2283653846153846
4 0.5528846153846154 0.12259615384615384 0.6105769230769231 0.12259615384615384 0.6105769230769231 0.23317307692307693 0.5528846153846154 0.23317307692307693
4 0.36778846153846156 0.4807692307692308 0.42788461538461536 0.4807692307692308 0.42788461538461536 0.5985576923076923 0.36778846153846156 0.5985576923076923
4 0.4326923076923077 0.6033653846153846 0.5 0.6033653846153846 0.5 0.7283653846153846 0.4326923076923077 0.7283653846153846
8 0.8028846153846154 0.2980769230769231 0.8894230769230769 0.2980769230769231 0.8894230769230769 0.5096153846153846 0.8028846153846154 0.5096153846153846
9 0.7403846153846154 0.7043269230769231 0.8197115384615384 0.7043269230769231 0.8197115384615384 0.8677884615384616 0.7403846153846154 0.8677884615384616
11 0.625 0.055288461538461536 0.6899038461538461 0.055288461538461536 0.6899038461538461 0.23317307692307693 0.625 0.23317307692307693
12 0.7716346153846154 0.016826923076923076 0.8341346153846154 0.016826923076923076 0.8341346153846154 0.14423076923076922 0.7716346153846154 0.14423076923076922
7 0.6177884615384616 0.34615384615384615 0.6850961538461539 0.34615384615384615 0.6850961538461539 0.49759615384615385 0.6177884615384616 0.49759615384615385
7 0.7860576923076923 0.07211538461538461 0.8461538461538461 0.07211538461538461 0.8461538461538461 0.21875 0.7860576923076923 0.21875
10 0.5625 0.028846153846153848 0.6153846153846154 0.028846153846153848 0.6153846153846154 0.1346153846153846 0.5625 0.1346153846153846
10 0.7043269230769231 0.11057692307692307 0.7572115384615384 0.11057692307692307 0.7572115384615384 0.21875 0.7043269230769231 0.21875
10 0.7211538461538461 0.27884615384615385 0.7764423076923077 0.27884615384615385 0.7764423076923077 0.3894230769230769 0.7211538461538461 0.3894230769230769
10 0.7163461538461539 0.3798076923076923 0.7788461538461539 0.3798076923076923 0.7788461538461539 0.49278846153846156 0.7163461538461539 0.49278846153846156
10 0.7283653846153846 0.6033653846153846 0.7980769230769231 0.6033653846153846 0.7980769230769231 0.7259615384615384 0.7283653846153846 0.7259615384615384