2 0.7211538461538461 0.20432692307692307 0.8076923076923077 0.20432692307692307 0.8076923076923077 0.41346153846153844 0.7211538461538461 0.41346153846153844
1 0.5649038461538461 0.08173076923076923 0.6225961538461539 0.08173076923076923 0.6225961538461539 0.23798076923076922 0.5649038461538461 0.23798076923076922
1 0.30288461538461536 0.47115384615384615 0.37740384615384615 0.47115384615384615 0.37740384615384615 0.625 0.30288461538461536 0.625
3 0.5552884615384616 0.2668269230769231 0.6201923076923077 0.2668269230769231 0.6201923076923077 0.4206730769230769 0.5552884615384616 0.4206730769230769
3 0.375 0.7115384615384616 0.46153846153846156 0.7115384615384616 0.46153846153846156 0.8798076923076923 0.375 0.8798076923076923
6 0.5408653846153846 0.019230769230769232 0.5985576923076923 0.019230769230769232 0.5985576923076923 0.15144230769230768 0.5408653846153846 0.15144230769230768
6 0.47115384615384615 0.375 0.5432692307692307 0.375 0.5432692307692307 0.5168269230769231 0.47115384615384615 0.5168269230769231
4 0.6850961538461539 0.7355769230769231 0.7596153846153846 0.7355769230769231 0.7596153846153846 0.8677884615384616 0.6850961538461539 0.8677884615384616
4 0.6466346153846154 0.2932692307692308 0.7067307692307693 0.2932692307692308 0.7067307692307693 0.40625 0.6466346153846154 0.40625
4 0.45913461538461536 0.1201923076923077 0.5096153846153846 0.1201923076923077 0.5096153846153846 0.23317307692307693 0.45913461538461536 0.23317307692307693
4 0.38221153846153844 0.12740384615384615 0.4423076923076923 0.12740384615384615 0.4423076923076923 0.23798076923076922 0.38221153846153844 0.23798076923076922
4 0.5649038461538461 0.49038461538461536 0.6274038461538461 0.49038461538461536 0.6274038461538461 0.6105769230769231 0.5649038461538461 0.6105769230769231
4 0.49038461538461536 0.6153846153846154 0.5600961538461539 0.6153846153846154 0.5600961538461539 0.7427884615384616 0.49038461538461536 0.7427884615384616
8 0.09615384615384616 0.3004807692307692 0.1875 0.3004807692307692 0.1875 0.5168269230769231 0.09615384615384616 0.5168269230769231
9 0.16346153846153846 0.7139423076923077 0.24519230769230768 0.7139423076923077 0.24519230769230768 0.8798076923076923 0.16346153846153846 0.8798076923076923
11 0.3004807692307692 0.055288461538461536 0.3701923076923077 0.055288461538461536 0.3701923076923077 0.23798076923076922 0.3004807692307692 0.23798076923076922
12 0.15865384615384615 0.016826923076923076 0.22355769230769232 0.016826923076923076 0.22355769230769232 0.14423076923076922 0.15865384615384615 0.14423076923076922
7 0.30288461538461536 0.35096153846153844 0.37259615384615385 0.35096153846153844 0.37259615384615385 0.5048076923076923 0.30288461538461536 0.5048076923076923
7 0.14423076923076922 0.06971153846153846 0.20673076923076922 0.06971153846153846 0.20673076923076922 0.22115384615384615 0.14423076923076922 0.22115384615384615
10 0.37740384615384615 0.028846153846153848 0.43509615384615385 0.028846153846153848 0.43509615384615385 0.13701923076923078 0.37740384615384615 0.13701923076923078
10 0.23317307692307693 0.11057692307692307 0.29086538461538464 0.11057692307692307 0.29086538461538464 0.22115384615384615 0.23317307692307693 0.22115384615384615
10 0.21394230769230768 0.28125 0.2692307692307692 0.28125 0.2692307692307692 0.3942307692307692 0.21394230769230768 0.3942307692307692
10 0.2091346153846154 0.38461538461538464 0.27403846153846156 0.38461538461538464 0.27403846153846156 0.5 0.2091346153846154 0.5
10 0.1875 0.6129807692307693 0.25961538461538464 0.6129807692307693 0.25961538461538464 0.7355769230769231 0.1875 0.7355769230769231