2 0.7548076923076923 0.17548076923076922 0.8413461538461539 0.17548076923076922 0.8413461538461539 0.3942307692307692 0.7548076923076923 0.3942307692307692
1 0.5865384615384616 0.04567307692307692 0.6442307692307693 0.04567307692307692 0.6442307692307693 0.2091346153846154 0.5865384615384616 0.2091346153846154
1 0.32211538461538464 0.4519230769230769 0.3942307692307692 0.4519230769230769 0.3942307692307692 0.6105769230769231 0.32211538461538464 0.6105769230769231
3 0.5793269230769231 0.2403846153846154 0.6442307692307693 0.2403846153846154 0.6442307692307693 0.4014423076923077 0.5793269230769231 0.4014423076923077
3 0.39903846153846156 0.7019230769230769 0.4879807692307692 0.7019230769230769 0.4879807692307692 0.8774038461538461 0.39903846153846156 0.8774038461538461
6 0.5600961538461539 0.01201923076923077 0.6201923076923077 0.01201923076923077 0.6201923076923077 0.1201923076923077 0.5600961538461539 0.1201923076923077
6 0.4951923076923077 0.35096153846153844 0.5673076923076923 0.35096153846153844 0.5673076923076923 0.5 0.4951923076923077 0.5
4 0.7235576923076923 0.7283653846153846 0.7980769230769231 0.7283653846153846 0.7980769230769231 0.8701923076923077 0.7235576923076923 0.8701923076923077
4 0.6754807692307693 0.2668269230769231 0.7331730769230769 0.2668269230769231 0.7331730769230769 0.3870192307692308 0.6754807692307693 0.3870192307692308
4 0.47596153846153844 0.08653846153846154 0.5264423076923077 0.08653846153846154 0.5264423076923077 0.20432692307692307 0.47596153846153844 0.20432692307692307
4 0.3942307692307692 0.09134615384615384 0.4567307692307692 0.09134615384615384 0.4567307692307692 0.2091346153846154 0.3942307692307692 0.2091346153846154
4 0.59375 0.47596153846153844 0.6538461538461539 0.47596153846153844 0.6538461538461539 0.6009615384615384 0.59375 0.6009615384615384
4 0.5192307692307693 0.6033653846153846 0.5865384615384616 0.6033653846153846 0.5865384615384616 0.7355769230769231 0.5192307692307693 0.7355769230769231
8 0.10336538461538461 0.27163461538461536 0.19230769230769232 0.27163461538461536 0.19230769230769232 0.49759615384615385 0.10336538461538461 0.49759615384615385
9 0.18028846153846154 0.7043269230769231 0.2620192307692308 0.7043269230769231 0.2620192307692308 0.8774038461538461 0.18028846153846154 0.8774038461538461
11 0.3125 0.016826923076923076 0.3798076923076923 0.016826923076923076 0.3798076923076923 0.2091346153846154 0.3125 0.2091346153846154
12 0.15865384615384615 0.004807692307692308 0.22596153846153846 0.004807692307692308 0.22596153846153846 0.11057692307692307 0.15865384615384615 0.11057692307692307
7 0.31971153846153844 0.3269230769230769 0.3870192307692308 0.3269230769230769 0.3870192307692308 0.4855769230769231 0.31971153846153844 0.4855769230769231
7 0.1466346153846154 0.03125 0.2091346153846154 0.03125 0.2091346153846154 0.18990384615384615 0.1466346153846154 0.18990384615384615
10 0.3894230769230769 0.009615384615384616 0.44711538461538464 0.009615384615384616 0.44711538461538464 0.10336538461538461 0.3894230769230769 0.10336538461538461
10 0.2403846153846154 0.07692307692307693 0.2956730769230769 0.07692307692307693 0.2956730769230769 0.19230769230769232 0.2403846153846154 0.19230769230769232
10 0.22115384615384615 0.25240384615384615 0.27884615384615385 0.25240384615384615 0.27884615384615385 0.3701923076923077 0.22115384615384615 0.3701923076923077
10 0.21875 0.3581730769230769 0.28365384615384615 0.3581730769230769 0.28365384615384615 0.4807692307692308 0.21875 0.4807692307692308
10 0.20192307692307693 0.5985576923076923 0.27403846153846156 0.5985576923076923 0.27403846153846156 0.7283653846153846 0.20192307692307693 0.7283653846153846