5 0.75 0.23557692307692307 0.8173076923076923 0.23557692307692307 0.8173076923076923 0.3942307692307692 0.75 0.3942307692307692
2 0.7572115384615384 0.2956730769230769 0.8317307692307693 0.2956730769230769 0.8317307692307693 0.4807692307692308 0.7572115384615384 0.4807692307692308
1 0.7307692307692307 0.16346153846153846 0.7740384615384616 0.16346153846153846 0.7740384615384616 0.2932692307692308 0.7307692307692307 0.2932692307692308
1 0.7764423076923077 0.4495192307692308 0.8413461538461539 0.4495192307692308 0.8413461538461539 0.5841346153846154 0.7764423076923077 0.5841346153846154
3 0.7163461538461539 0.08653846153846154 0.7716346153846154 0.08653846153846154 0.7716346153846154 0.21394230769230768 0.7163461538461539 0.21394230769230768
3 0.7932692307692307 0.5697115384615384 0.8677884615384616 0.5697115384615384 0.8677884615384616 0.6995192307692307 0.7932692307692307 0.6995192307692307
6 0.7163461538461539 0.028846153846153848 0.7668269230769231 0.028846153846153848 0.7668269230769231 0.13942307692307693 0.7163461538461539 0.13942307692307693
6 0.8076923076923077 0.6947115384615384 0.8798076923076923 0.6947115384615384 0.8798076923076923 0.8245192307692307 0.8076923076923077 0.8245192307692307
4 0.6394230769230769 0.028846153846153848 0.6802884615384616 0.028846153846153848 0.6802884615384616 0.12740384615384615 0.6394230769230769 0.12740384615384615
4 0.6442307692307693 0.11298076923076923 0.6850961538461539 0.11298076923076923 0.6850961538461539 0.2091346153846154 0.6442307692307693 0.2091346153846154
4 0.65625 0.19471153846153846 0.6971153846153846 0.19471153846153846 0.6971153846153846 0.29086538461538464 0.65625 0.29086538461538464
4 0.6658653846153846 0.2764423076923077 0.7091346153846154 0.2764423076923077 0.7091346153846154 0.37740384615384615 0.6658653846153846 0.37740384615384615
4 0.6754807692307693 0.3701923076923077 0.7235576923076923 0.3701923076923077 0.7235576923076923 0.46875 0.6754807692307693 0.46875
4 0.6899038461538461 0.47596153846153844 0.7379807692307693 0.47596153846153844 0.7379807692307693 0.5769230769230769 0.6899038461538461 0.5769230769230769
4 0.6995192307692307 0.5817307692307693 0.7524038461538461 0.5817307692307693 0.7524038461538461 0.6875 0.6995192307692307 0.6875
4 0.7163461538461539 0.6971153846153846 0.7692307692307693 0.6971153846153846 0.7692307692307693 0.8100961538461539 0.7163461538461539 0.8100961538461539
11 0.15625 0.1971153846153846 0.21875 0.1971153846153846 0.21875 0.36778846153846156 0.15625 0.36778846153846156
8 0.13942307692307693 0.27163461538461536 0.20673076923076922 0.27163461538461536 0.20673076923076922 0.4639423076923077 0.13942307692307693 0.4639423076923077
7 0.16826923076923078 0.13701923076923078 0.21634615384615385 0.13701923076923078 0.21634615384615385 0.27163461538461536 0.16826923076923078 0.27163461538461536
7 0.13221153846153846 0.4230769230769231 0.18990384615384615 0.4230769230769231 0.18990384615384615 0.5576923076923077 0.13221153846153846 0.5576923076923077
9 0.1778846153846154 0.06490384615384616 0.23557692307692307 0.06490384615384616 0.23557692307692307 0.19230769230769232 0.1778846153846154 0.19230769230769232
9 0.1346153846153846 0.5360576923076923 0.19951923076923078 0.5360576923076923 0.19951923076923078 0.6778846153846154 0.1346153846153846 0.6778846153846154
12 0.18509615384615385 0.004807692307692308 0.23076923076923078 0.004807692307692308 0.23076923076923078 0.10817307692307693 0.18509615384615385 0.10817307692307693
12 0.11057692307692307 0.6802884615384616 0.1778846153846154 0.6802884615384616 0.1778846153846154 0.8173076923076923 0.11057692307692307 0.8173076923076923
10 0.2620192307692308 0.014423076923076924 0.30528846153846156 0.014423076923076924 0.30528846153846156 0.11057692307692307 0.2620192307692308 0.11057692307692307
10 0.2620192307692308 0.0985576923076923 0.30288461538461536 0.0985576923076923 0.30288461538461536 0.18990384615384615 0.2620192307692308 0.18990384615384615
10 0.25961538461538464 0.18028846153846154 0.3004807692307692 0.18028846153846154 0.3004807692307692 0.27884615384615385 0.25961538461538464 0.27884615384615385
10 0.25240384615384615 0.2620192307692308 0.2980769230769231 0.2620192307692308 0.2980769230769231 0.3605769230769231 0.25240384615384615 0.3605769230769231
10 0.2548076923076923 0.3629807692307692 0.3004807692307692 0.3629807692307692 0.3004807692307692 0.4639423076923077 0.2548076923076923 0.4639423076923077
10 0.24278846153846154 0.46634615384615385 0.29086538461538464 0.46634615384615385 0.29086538461538464 0.5697115384615384 0.24278846153846154 0.5697115384615384
10 0.2403846153846154 0.5697115384615384 0.29086538461538464 0.5697115384615384 0.29086538461538464 0.6754807692307693 0.2403846153846154 0.6754807692307693
10 0.22596153846153846 0.6899038461538461 0.28365384615384615 0.6899038461538461 0.28365384615384615 0.8004807692307693 0.22596153846153846 0.8004807692307693