5 0.7548076923076923 0.23317307692307693 0.8245192307692307 0.23317307692307693 0.8245192307692307 0.4014423076923077 0.7548076923076923 0.4014423076923077
2 0.7620192307692307 0.2980769230769231 0.8413461538461539 0.2980769230769231 0.8413461538461539 0.49038461538461536 0.7620192307692307 0.49038461538461536
1 0.7355769230769231 0.15865384615384615 0.78125 0.15865384615384615 0.78125 0.2956730769230769 0.7355769230769231 0.2956730769230769
1 0.7836538461538461 0.45913461538461536 0.8509615384615384 0.45913461538461536 0.8509615384615384 0.6009615384615384 0.7836538461538461 0.6009615384615384
3 0.71875 0.07932692307692307 0.7764423076923077 0.07932692307692307 0.7764423076923077 0.21153846153846154 0.71875 0.21153846153846154
3 0.8004807692307693 0.5865384615384616 0.8798076923076923 0.5865384615384616 0.8798076923076923 0.7211538461538461 0.8004807692307693 0.7211538461538461
6 0.7211538461538461 0.02403846153846154 0.7740384615384616 0.02403846153846154 0.7740384615384616 0.1346153846153846 0.7211538461538461 0.1346153846153846
6 0.8173076923076923 0.7163461538461539 0.8918269230769231 0.7163461538461539 0.8918269230769231 0.8533653846153846 0.8173076923076923 0.8533653846153846
4 0.6394230769230769 0.021634615384615384 0.6826923076923077 0.021634615384615384 0.6826923076923077 0.12259615384615384 0.6394230769230769 0.12259615384615384
4 0.6442307692307693 0.10576923076923077 0.6875 0.10576923076923077 0.6875 0.20673076923076922 0.6442307692307693 0.20673076923076922
4 0.6586538461538461 0.19230769230769232 0.6995192307692307 0.19230769230769232 0.6995192307692307 0.2932692307692308 0.6586538461538461 0.2932692307692308
4 0.6658653846153846 0.2764423076923077 0.7115384615384616 0.2764423076923077 0.7115384615384616 0.38221153846153844 0.6658653846153846 0.38221153846153844
4 0.6778846153846154 0.375 0.7283653846153846 0.375 0.7283653846153846 0.4807692307692308 0.6778846153846154 0.4807692307692308
4 0.6923076923076923 0.4855769230769231 0.7427884615384616 0.4855769230769231 0.7427884615384616 0.5913461538461539 0.6923076923076923 0.5913461538461539
4 0.7019230769230769 0.5985576923076923 0.7596153846153846 0.5985576923076923 0.7596153846153846 0.7091346153846154 0.7019230769230769 0.7091346153846154
4 0.71875 0.7163461538461539 0.7740384615384616 0.7163461538461539 0.7740384615384616 0.8365384615384616 0.71875 0.8365384615384616
11 0.13221153846153846 0.19230769230769232 0.1971153846153846 0.19230769230769232 0.1971153846153846 0.3701923076923077 0.13221153846153846 0.3701923076923077
8 0.11538461538461539 0.2668269230769231 0.18509615384615385 0.2668269230769231 0.18509615384615385 0.47115384615384615 0.11538461538461539 0.47115384615384615
7 0.14423076923076922 0.12740384615384615 0.1971153846153846 0.12740384615384615 0.1971153846153846 0.2692307692307692 0.14423076923076922 0.2692307692307692
7 0.10576923076923077 0.42788461538461536 0.1658653846153846 0.42788461538461536 0.1658653846153846 0.5673076923076923 0.10576923076923077 0.5673076923076923
9 0.15625 0.052884615384615384 0.21634615384615385 0.052884615384615384 0.21634615384615385 0.1875 0.15625 0.1875
9 0.10817307692307693 0.5456730769230769 0.18028846153846154 0.5456730769230769 0.18028846153846154 0.6947115384615384 0.10817307692307693 0.6947115384615384
12 0.16346153846153846 0.004807692307692308 0.21394230769230768 0.004807692307692308 0.21394230769230768 0.0985576923076923 0.16346153846153846 0.0985576923076923
12 0.08413461538461539 0.6971153846153846 0.15625 0.6971153846153846 0.15625 0.8413461538461539 0.08413461538461539 0.8413461538461539
10 0.24519230769230768 0.009615384615384616 0.28846153846153844 0.009615384615384616 0.28846153846153844 0.10096153846153846 0.24519230769230768 0.10096153846153846
10 0.24278846153846154 0.08653846153846154 0.2860576923076923 0.08653846153846154 0.2860576923076923 0.18269230769230768 0.24278846153846154 0.18269230769230768
10 0.24278846153846154 0.17307692307692307 0.28365384615384615 0.17307692307692307 0.28365384615384615 0.2764423076923077 0.24278846153846154 0.2764423076923077
10 0.23557692307692307 0.25961538461538464 0.28125 0.25961538461538464 0.28125 0.3629807692307692 0.23557692307692307 0.3629807692307692
10 0.23798076923076922 0.36538461538461536 0.28365384615384615 0.36538461538461536 0.28365384615384615 0.47115384615384615 0.23798076923076922 0.47115384615384615
10 0.22355769230769232 0.4735576923076923 0.27403846153846156 0.4735576923076923 0.27403846153846156 0.5841346153846154 0.22355769230769232 0.5841346153846154
10 0.22115384615384615 0.5817307692307693 0.27403846153846156 0.5817307692307693 0.27403846153846156 0.6923076923076923 0.22115384615384615 0.6923076923076923
10 0.20673076923076922 0.7091346153846154 0.2668269230769231 0.7091346153846154 0.2668269230769231 0.8221153846153846 0.20673076923076922 0.8221153846153846