11 0.625 0.03125 0.6995192307692307 0.03125 0.6995192307692307 0.22355769230769232 0.625 0.22355769230769232
8 0.8125 0.18509615384615385 0.9014423076923077 0.18509615384615385 0.9014423076923077 0.40625 0.8125 0.40625
9 0.5192307692307693 0.5769230769230769 0.59375 0.5769230769230769 0.59375 0.7548076923076923 0.5192307692307693 0.7548076923076923
6 0.7067307692307693 0 0.7764423076923077 0 0.7764423076923077 0.11538461538461539 0.7067307692307693 0.11538461538461539
12 0.5432692307692307 0.07211538461538461 0.6081730769230769 0.07211538461538461 0.6081730769230769 0.21634615384615385 0.5432692307692307 0.21634615384615385
7 0.5336538461538461 0.35336538461538464 0.5985576923076923 0.35336538461538464 0.5985576923076923 0.5192307692307693 0.5336538461538461 0.5192307692307693
10 0.7115384615384616 0.09134615384615384 0.7644230769230769 0.09134615384615384 0.7644230769230769 0.21153846153846154 0.7115384615384616 0.21153846153846154
10 0.7259615384615384 0.27163461538461536 0.7860576923076923 0.27163461538461536 0.7860576923076923 0.39663461538461536 0.7259615384615384 0.39663461538461536
10 0.6298076923076923 0.25961538461538464 0.6899038461538461 0.25961538461538464 0.6899038461538461 0.3870192307692308 0.6298076923076923 0.3870192307692308
10 0.625 0.5072115384615384 0.6899038461538461 0.5072115384615384 0.6899038461538461 0.6394230769230769 0.625 0.6394230769230769
3 0.7427884615384616 0.5745192307692307 0.8221153846153846 0.5745192307692307 0.8221153846153846 0.75 0.7427884615384616 0.75
1 0.45913461538461536 0.14423076923076922 0.5192307692307693 0.14423076923076922 0.5192307692307693 0.30288461538461536 0.45913461538461536 0.30288461538461536
2 0.15865384615384615 0.18509615384615385 0.2548076923076923 0.18509615384615385 0.2548076923076923 0.4110576923076923 0.15865384615384615 0.4110576923076923
4 0.27163461538461536 0.2860576923076923 0.3317307692307692 0.2860576923076923 0.3317307692307692 0.40384615384615385 0.27163461538461536 0.40384615384615385
4 0.3581730769230769 0.4831730769230769 0.41586538461538464 0.4831730769230769 0.41586538461538464 0.6153846153846154 0.3581730769230769 0.6153846153846154
4 0.42788461538461536 0.6225961538461539 0.4951923076923077 0.6225961538461539 0.4951923076923077 0.75 0.42788461538461536 0.75