2 0.18028846153846154 0.1875 0.2668269230769231 0.1875 0.2668269230769231 0.3942307692307692 0.18028846153846154 0.3942307692307692
6 0.39663461538461536 0.009615384615384616 0.45913461538461536 0.009615384615384616 0.45913461538461536 0.14182692307692307 0.39663461538461536 0.14182692307692307
1 0.45913461538461536 0.15384615384615385 0.5192307692307693 0.15384615384615385 0.5192307692307693 0.30528846153846156 0.45913461538461536 0.30528846153846156
4 0.5528846153846154 0.11538461538461539 0.6033653846153846 0.11538461538461539 0.6033653846153846 0.23317307692307693 0.5528846153846154 0.23317307692307693
4 0.28365384615384615 0.28125 0.33653846153846156 0.28125 0.33653846153846156 0.39663461538461536 0.28365384615384615 0.39663461538461536
4 0.3557692307692308 0.4831730769230769 0.41586538461538464 0.4831730769230769 0.41586538461538464 0.6009615384615384 0.3557692307692308 0.6009615384615384
4 0.4206730769230769 0.6057692307692307 0.4831730769230769 0.6057692307692307 0.4831730769230769 0.7307692307692307 0.4206730769230769 0.7307692307692307
3 0.5240384615384616 0.5793269230769231 0.59375 0.5793269230769231 0.59375 0.7355769230769231 0.5240384615384616 0.7355769230769231
3 0.71875 0.5649038461538461 0.7932692307692307 0.5649038461538461 0.7932692307692307 0.7235576923076923 0.71875 0.7235576923076923
11 0.6225961538461539 0.057692307692307696 0.6850961538461539 0.057692307692307696 0.6850961538461539 0.23557692307692307 0.6225961538461539 0.23557692307692307
12 0.7716346153846154 0.02403846153846154 0.8389423076923077 0.02403846153846154 0.8389423076923077 0.16105769230769232 0.7716346153846154 0.16105769230769232
8 0.7932692307692307 0.20673076923076922 0.8701923076923077 0.20673076923076922 0.8701923076923077 0.4110576923076923 0.7932692307692307 0.4110576923076923
9 0.71875 0.7139423076923077 0.8004807692307693 0.7139423076923077 0.8004807692307693 0.8774038461538461 0.71875 0.8774038461538461
7 0.5240384615384616 0.3581730769230769 0.5865384615384616 0.3581730769230769 0.5865384615384616 0.5072115384615384 0.5240384615384616 0.5072115384615384
10 0.6225961538461539 0.2692307692307692 0.6802884615384616 0.2692307692307692 0.6802884615384616 0.3918269230769231 0.6225961538461539 0.3918269230769231
10 0.7019230769230769 0.11057692307692307 0.7548076923076923 0.11057692307692307 0.7548076923076923 0.22355769230769232 0.7019230769230769 0.22355769230769232
10 0.7139423076923077 0.28125 0.7620192307692307 0.28125 0.7620192307692307 0.39903846153846156 0.7139423076923077 0.39903846153846156
10 0.6105769230769231 0.5024038461538461 0.6706730769230769 0.5024038461538461 0.6706730769230769 0.625 0.6105769230769231 0.625