2 0.18509615384615385 0.19471153846153846 0.27403846153846156 0.19471153846153846 0.27403846153846156 0.40625 0.18509615384615385 0.40625
6 0.3942307692307692 0.016826923076923076 0.45913461538461536 0.016826923076923076 0.45913461538461536 0.15144230769230768 0.3942307692307692 0.15144230769230768
1 0.4639423076923077 0.16105769230769232 0.5264423076923077 0.16105769230769232 0.5264423076923077 0.3173076923076923 0.4639423076923077 0.3173076923076923
4 0.5576923076923077 0.125 0.6105769230769231 0.125 0.6105769230769231 0.24519230769230768 0.5576923076923077 0.24519230769230768
4 0.29086538461538464 0.2932692307692308 0.3485576923076923 0.2932692307692308 0.3485576923076923 0.40865384615384615 0.29086538461538464 0.40865384615384615
4 0.3701923076923077 0.4951923076923077 0.43509615384615385 0.4951923076923077 0.43509615384615385 0.6177884615384616 0.3701923076923077 0.6177884615384616
4 0.4423076923076923 0.6201923076923077 0.5072115384615384 0.6201923076923077 0.5072115384615384 0.7475961538461539 0.4423076923076923 0.7475961538461539
3 0.5480769230769231 0.59375 0.6201923076923077 0.59375 0.6201923076923077 0.7524038461538461 0.5480769230769231 0.7524038461538461
3 0.7427884615384616 0.5793269230769231 0.8245192307692307 0.5793269230769231 0.8245192307692307 0.7403846153846154 0.7427884615384616 0.7403846153846154
11 0.625 0.06490384615384616 0.6923076923076923 0.06490384615384616 0.6923076923076923 0.24519230769230768 0.625 0.24519230769230768
12 0.7764423076923077 0.03125 0.8485576923076923 0.03125 0.8485576923076923 0.16826923076923078 0.7764423076923077 0.16826923076923078
8 0.8052884615384616 0.21394230769230768 0.8870192307692307 0.21394230769230768 0.8870192307692307 0.4254807692307692 0.8052884615384616 0.4254807692307692
9 0.75 0.7307692307692307 0.8341346153846154 0.7307692307692307 0.8341346153846154 0.8966346153846154 0.75 0.8966346153846154
7 0.5384615384615384 0.3701923076923077 0.6033653846153846 0.3701923076923077 0.6033653846153846 0.5216346153846154 0.5384615384615384 0.5216346153846154
10 0.6346153846153846 0.28125 0.6947115384615384 0.28125 0.6947115384615384 0.40384615384615385 0.6346153846153846 0.40384615384615385
10 0.7091346153846154 0.11778846153846154 0.7620192307692307 0.11778846153846154 0.7620192307692307 0.23557692307692307 0.7091346153846154 0.23557692307692307
10 0.7259615384615384 0.29086538461538464 0.7788461538461539 0.29086538461538464 0.7788461538461539 0.4110576923076923 0.7259615384615384 0.4110576923076923
10 0.6298076923076923 0.5168269230769231 0.6923076923076923 0.5168269230769231 0.6923076923076923 0.6418269230769231 0.6298076923076923 0.6418269230769231