3 0.7067307692307693 0.5600961538461539 0.7860576923076923 0.5600961538461539 0.7860576923076923 0.71875 0.7067307692307693 0.71875
6 0.8413461538461539 0.6850961538461539 0.9230769230769231 0.6850961538461539 0.9230769230769231 0.8365384615384616 0.8413461538461539 0.8365384615384616
2 0.7860576923076923 0.2620192307692308 0.8701923076923077 0.2620192307692308 0.8701923076923077 0.4807692307692308 0.7860576923076923 0.4807692307692308
5 0.5889423076923077 0.19951923076923078 0.65625 0.19951923076923078 0.65625 0.39663461538461536 0.5889423076923077 0.39663461538461536
6 0.5841346153846154 0 0.6394230769230769 0 0.6394230769230769 0.11298076923076923 0.5841346153846154 0.11298076923076923
9 0.5841346153846154 0.05048076923076923 0.6418269230769231 0.05048076923076923 0.6418269230769231 0.19230769230769232 0.5841346153846154 0.19230769230769232
9 0.4206730769230769 0.33413461538461536 0.4855769230769231 0.33413461538461536 0.4855769230769231 0.4855769230769231 0.4206730769230769 0.4855769230769231
4 0.5144230769230769 0 0.5649038461538461 0 0.5649038461538461 0.11057692307692307 0.5144230769230769 0.11057692307692307
4 0.6826923076923077 0.17067307692307693 0.7355769230769231 0.17067307692307693 0.7355769230769231 0.27884615384615385 0.6826923076923077 0.27884615384615385
4 0.6682692307692307 0.07932692307692307 0.71875 0.07932692307692307 0.71875 0.1875 0.6682692307692307 0.1875
4 0.7043269230769231 0.35096153846153844 0.7596153846153846 0.35096153846153844 0.7596153846153846 0.47115384615384615 0.7043269230769231 0.47115384615384615
4 0.7091346153846154 0.46153846153846156 0.7692307692307693 0.46153846153846156 0.7692307692307693 0.5817307692307693 0.7091346153846154 0.5817307692307693
4 0.6322115384615384 0.7139423076923077 0.7043269230769231 0.7139423076923077 0.7043269230769231 0.8365384615384616 0.6322115384615384 0.8365384615384616
4 0.5120192307692307 0.24519230769230768 0.5625 0.24519230769230768 0.5625 0.3629807692307692 0.5120192307692307 0.3629807692307692
8 0.125 0.27884615384615385 0.20673076923076922 0.27884615384615385 0.20673076923076922 0.4951923076923077 0.125 0.4951923076923077
12 0.17067307692307693 0 0.23076923076923078 0 0.23076923076923078 0.10817307692307693 0.17067307692307693 0.10817307692307693
12 0.21394230769230768 0.7163461538461539 0.28846153846153844 0.7163461538461539 0.28846153846153844 0.8677884615384616 0.21394230769230768 0.8677884615384616
7 0.11057692307692307 0.4423076923076923 0.18269230769230768 0.4423076923076923 0.18269230769230768 0.5961538461538461 0.11057692307692307 0.5961538461538461
11 0.14423076923076922 0.1971153846153846 0.21634615384615385 0.1971153846153846 0.21634615384615385 0.38461538461538464 0.14423076923076922 0.38461538461538464
9 0.3389423076923077 0.12259615384615384 0.4014423076923077 0.12259615384615384 0.4014423076923077 0.27403846153846156 0.3389423076923077 0.27403846153846156
9 0.11538461538461539 0.5625 0.19230769230769232 0.5625 0.19230769230769232 0.7235576923076923 0.11538461538461539 0.7235576923076923
10 0.4254807692307692 0.2548076923076923 0.4735576923076923 0.2548076923076923 0.4735576923076923 0.36538461538461536 0.4254807692307692 0.36538461538461536
10 0.25961538461538464 0 0.31009615384615385 0 0.31009615384615385 0.10336538461538461 0.25961538461538464 0.10336538461538461
10 0.2548076923076923 0.17307692307692307 0.3076923076923077 0.17307692307692307 0.3076923076923077 0.28846153846153844 0.2548076923076923 0.28846153846153844
10 0.24278846153846154 0.3798076923076923 0.3004807692307692 0.3798076923076923 0.3004807692307692 0.49278846153846156 0.24278846153846154 0.49278846153846156
10 0.23317307692307693 0.4879807692307692 0.2932692307692308 0.4879807692307692 0.2932692307692308 0.6009615384615384 0.23317307692307693 0.6009615384615384
10 0.2283653846153846 0.59375 0.29086538461538464 0.59375 0.29086538461538464 0.7115384615384616 0.2283653846153846 0.7115384615384616
10 0.43028846153846156 0.7139423076923077 0.49038461538461536 0.7139423076923077 0.49038461538461536 0.8389423076923077 0.43028846153846156 0.8389423076923077