6 0.11538461538461539 0.6730769230769231 0.19471153846153846 0.6730769230769231 0.19471153846153846 0.8149038461538461 0.11538461538461539 0.8149038461538461
2 0.14182692307692307 0.38461538461538464 0.23798076923076922 0.38461538461538464 0.23798076923076922 0.5985576923076923 0.14182692307692307 0.5985576923076923
5 0.3701923076923077 0.20192307692307693 0.43509615384615385 0.20192307692307693 0.43509615384615385 0.3870192307692308 0.3701923076923077 0.3870192307692308
9 0.4639423076923077 0.06490384615384616 0.53125 0.06490384615384616 0.53125 0.20192307692307693 0.4639423076923077 0.20192307692307693
4 0.4567307692307692 0.009615384615384616 0.5048076923076923 0.009615384615384616 0.5048076923076923 0.11298076923076923 0.4567307692307692 0.11298076923076923
4 0.27403846153846156 0.35096153846153844 0.3293269230769231 0.35096153846153844 0.3293269230769231 0.46875 0.27403846153846156 0.46875
4 0.2956730769230769 0.17307692307692307 0.35336538461538464 0.17307692307692307 0.35336538461538464 0.27884615384615385 0.2956730769230769 0.27884615384615385
4 0.46153846153846156 0.25240384615384615 0.5096153846153846 0.25240384615384615 0.5096153846153846 0.3629807692307692 0.46153846153846156 0.3629807692307692
4 0.34375 0.4519230769230769 0.4014423076923077 0.4519230769230769 0.4014423076923077 0.5697115384615384 0.34375 0.5697115384615384
3 0.53125 0.3317307692307692 0.5961538461538461 0.3317307692307692 0.5961538461538461 0.4735576923076923 0.53125 0.4735576923076923
9 0.8125 0.5408653846153846 0.8918269230769231 0.5408653846153846 0.8918269230769231 0.6923076923076923 0.8125 0.6923076923076923
11 0.6129807692307693 0.2091346153846154 0.6802884615384616 0.2091346153846154 0.6802884615384616 0.38461538461538464 0.6129807692307693 0.38461538461538464
8 0.7019230769230769 0.27403846153846156 0.78125 0.27403846153846156 0.78125 0.47836538461538464 0.7019230769230769 0.47836538461538464
10 0.71875 0.5745192307692307 0.7788461538461539 0.5745192307692307 0.7788461538461539 0.6923076923076923 0.71875 0.6923076923076923
12 0.7211538461538461 0.6947115384615384 0.7932692307692307 0.6947115384615384 0.7932692307692307 0.8365384615384616 0.7211538461538461 0.8365384615384616
12 0.7740384615384616 0.009615384615384616 0.8389423076923077 0.009615384615384616 0.8389423076923077 0.11057692307692307 0.7740384615384616 0.11057692307692307
10 0.6995192307692307 0.007211538461538462 0.7548076923076923 0.007211538461538462 0.7548076923076923 0.11298076923076923 0.6995192307692307 0.11298076923076923
10 0.5384615384615384 0.2548076923076923 0.5961538461538461 0.2548076923076923 0.5961538461538461 0.3629807692307692 0.5384615384615384 0.3629807692307692
10 0.6971153846153846 0.1658653846153846 0.7475961538461539 0.1658653846153846 0.7475961538461539 0.28365384615384615 0.6971153846153846 0.28365384615384615
7 0.53125 0.5360576923076923 0.6009615384615384 0.5360576923076923 0.6009615384615384 0.6899038461538461 0.53125 0.6899038461538461
10 0.5264423076923077 0.6947115384615384 0.5889423076923077 0.6947115384615384 0.5889423076923077 0.8173076923076923 0.5264423076923077 0.8173076923076923