6 0.11778846153846154 0.6586538461538461 0.1971153846153846 0.6586538461538461 0.1971153846153846 0.8028846153846154 0.11778846153846154 0.8028846153846154
2 0.14423076923076922 0.375 0.22596153846153846 0.375 0.22596153846153846 0.5841346153846154 0.14423076923076922 0.5841346153846154
4 0.4519230769230769 0 0.49759615384615385 0 0.49759615384615385 0.10096153846153846 0.4519230769230769 0.10096153846153846
3 0.5240384615384616 0.30528846153846156 0.5913461538461539 0.30528846153846156 0.5913461538461539 0.44711538461538464 0.5240384615384616 0.44711538461538464
8 0.6947115384615384 0.24519230769230768 0.7716346153846154 0.24519230769230768 0.7716346153846154 0.4543269230769231 0.6947115384615384 0.4543269230769231
11 0.6033653846153846 0.17307692307692307 0.6730769230769231 0.17307692307692307 0.6730769230769231 0.36538461538461536 0.6033653846153846 0.36538461538461536
5 0.3629807692307692 0.1875 0.4326923076923077 0.1875 0.4326923076923077 0.36778846153846156 0.3629807692307692 0.36778846153846156
4 0.30528846153846156 0.07211538461538461 0.3557692307692308 0.07211538461538461 0.3557692307692308 0.18509615384615385 0.30528846153846156 0.18509615384615385
4 0.2956730769230769 0.15625 0.3485576923076923 0.15625 0.3485576923076923 0.2668269230769231 0.2956730769230769 0.2668269230769231
4 0.27163461538461536 0.34134615384615385 0.3245192307692308 0.34134615384615385 0.3245192307692308 0.4495192307692308 0.27163461538461536 0.4495192307692308
4 0.34375 0.43509615384615385 0.40625 0.43509615384615385 0.40625 0.5552884615384616 0.34375 0.5552884615384616
4 0.4543269230769231 0.22115384615384615 0.5096153846153846 0.22115384615384615 0.5096153846153846 0.34134615384615385 0.4543269230769231 0.34134615384615385
9 0.4567307692307692 0.036057692307692304 0.5240384615384616 0.036057692307692304 0.5240384615384616 0.18990384615384615 0.4567307692307692 0.18990384615384615
9 0.8028846153846154 0.49759615384615385 0.8774038461538461 0.49759615384615385 0.8774038461538461 0.6538461538461539 0.8028846153846154 0.6538461538461539
12 0.7043269230769231 0.6514423076923077 0.7908653846153846 0.6514423076923077 0.7908653846153846 0.8004807692307693 0.7043269230769231 0.8004807692307693
12 0.7620192307692307 0 0.8245192307692307 0 0.8245192307692307 0.08413461538461539 0.7620192307692307 0.08413461538461539
7 0.5288461538461539 0.5072115384615384 0.5961538461538461 0.5072115384615384 0.5961538461538461 0.6586538461538461 0.5288461538461539 0.6586538461538461
10 0.5336538461538461 0.23076923076923078 0.5889423076923077 0.23076923076923078 0.5889423076923077 0.33413461538461536 0.5336538461538461 0.33413461538461536
10 0.6875 0 0.7403846153846154 0 0.7403846153846154 0.07932692307692307 0.6875 0.07932692307692307
10 0.6899038461538461 0.13221153846153846 0.7403846153846154 0.13221153846153846 0.7403846153846154 0.25 0.6899038461538461 0.25
10 0.7091346153846154 0.5336538461538461 0.7740384615384616 0.5336538461538461 0.7740384615384616 0.6538461538461539 0.7091346153846154 0.6538461538461539
10 0.5216346153846154 0.6658653846153846 0.5817307692307693 0.6658653846153846 0.5817307692307693 0.78125 0.5216346153846154 0.78125