6 0.10096153846153846 0.6514423076923077 0.1875 0.6514423076923077 0.1875 0.7980769230769231 0.10096153846153846 0.7980769230769231
2 0.13701923076923078 0.3605769230769231 0.22596153846153846 0.3605769230769231 0.22596153846153846 0.5745192307692307 0.13701923076923078 0.5745192307692307
4 0.46634615384615385 0 0.5192307692307693 0 0.5192307692307693 0.08653846153846154 0.46634615384615385 0.08653846153846154
3 0.53125 0.2956730769230769 0.6033653846153846 0.2956730769230769 0.6033653846153846 0.43990384615384615 0.53125 0.43990384615384615
8 0.7043269230769231 0.23557692307692307 0.7884615384615384 0.23557692307692307 0.7884615384615384 0.4495192307692308 0.7043269230769231 0.4495192307692308
11 0.6153846153846154 0.16105769230769232 0.6899038461538461 0.16105769230769232 0.6899038461538461 0.3557692307692308 0.6153846153846154 0.3557692307692308
5 0.3701923076923077 0.17067307692307693 0.44471153846153844 0.17067307692307693 0.44471153846153844 0.3557692307692308 0.3701923076923077 0.3557692307692308
4 0.31490384615384615 0.052884615384615384 0.3701923076923077 0.052884615384615384 0.3701923076923077 0.1658653846153846 0.31490384615384615 0.1658653846153846
4 0.30288461538461536 0.13701923076923078 0.3581730769230769 0.13701923076923078 0.3581730769230769 0.25 0.30288461538461536 0.25
4 0.27163461538461536 0.3269230769230769 0.3293269230769231 0.3269230769230769 0.3293269230769231 0.4375 0.27163461538461536 0.4375
4 0.34134615384615385 0.4230769230769231 0.40625 0.4230769230769231 0.40625 0.5480769230769231 0.34134615384615385 0.5480769230769231
4 0.46153846153846156 0.20673076923076922 0.5216346153846154 0.20673076923076922 0.5216346153846154 0.3269230769230769 0.46153846153846156 0.3269230769230769
9 0.47115384615384615 0.019230769230769232 0.5432692307692307 0.019230769230769232 0.5432692307692307 0.17307692307692307 0.47115384615384615 0.17307692307692307
9 0.8076923076923077 0.49759615384615385 0.8894230769230769 0.49759615384615385 0.8894230769230769 0.65625 0.8076923076923077 0.65625
12 0.7019230769230769 0.6538461538461539 0.7932692307692307 0.6538461538461539 0.7932692307692307 0.8052884615384616 0.7019230769230769 0.8052884615384616
12 0.7860576923076923 0 0.8557692307692307 0 0.8557692307692307 0.07211538461538461 0.7860576923076923 0.07211538461538461
7 0.5264423076923077 0.5024038461538461 0.6009615384615384 0.5024038461538461 0.6009615384615384 0.65625 0.5264423076923077 0.65625
10 0.5456730769230769 0.21634615384615385 0.6033653846153846 0.21634615384615385 0.6033653846153846 0.32211538461538464 0.5456730769230769 0.32211538461538464
10 0.7091346153846154 0 0.7668269230769231 0 0.7668269230769231 0.0673076923076923 0.7091346153846154 0.0673076923076923
10 0.7067307692307693 0.1201923076923077 0.7644230769230769 0.1201923076923077 0.7644230769230769 0.2403846153846154 0.7067307692307693 0.2403846153846154
10 0.7115384615384616 0.5336538461538461 0.78125 0.5336538461538461 0.78125 0.65625 0.7115384615384616 0.65625
10 0.5144230769230769 0.6634615384615384 0.5793269230769231 0.6634615384615384 0.5793269230769231 0.7836538461538461 0.5144230769230769 0.7836538461538461