2 0.1466346153846154 0.2091346153846154 0.24278846153846154 0.2091346153846154 0.24278846153846154 0.43028846153846156 0.1466346153846154 0.43028846153846156
3 0.27403846153846156 0.7331730769230769 0.36538461538461536 0.7331730769230769 0.36538461538461536 0.9110576923076923 0.27403846153846156 0.9110576923076923
6 0.27403846153846156 0.10096153846153846 0.3389423076923077 0.10096153846153846 0.3389423076923077 0.25 0.27403846153846156 0.25
4 0.23076923076923078 0.5144230769230769 0.2956730769230769 0.5144230769230769 0.2956730769230769 0.6394230769230769 0.23076923076923078 0.6394230769230769
4 0.43028846153846156 0.3125 0.4879807692307692 0.3125 0.4879807692307692 0.4375 0.43028846153846156 0.4375
1 0.40865384615384615 0.49759615384615385 0.4735576923076923 0.49759615384615385 0.4735576923076923 0.6586538461538461 0.40865384615384615 0.6586538461538461
1 0.6009615384615384 0.07932692307692307 0.6754807692307693 0.07932692307692307 0.6754807692307693 0.25240384615384615 0.6009615384615384 0.25240384615384615
8 0.7740384615384616 0.31971153846153844 0.8701923076923077 0.31971153846153844 0.8701923076923077 0.5456730769230769 0.7740384615384616 0.5456730769230769
10 0.6153846153846154 0.5216346153846154 0.6778846153846154 0.5216346153846154 0.6778846153846154 0.6514423076923077 0.6153846153846154 0.6514423076923077
9 0.7668269230769231 0.07692307692307693 0.8413461538461539 0.07692307692307693 0.8413461538461539 0.2548076923076923 0.7668269230769231 0.2548076923076923
7 0.4423076923076923 0.007211538461538462 0.5072115384615384 0.007211538461538462 0.5072115384615384 0.15384615384615385 0.4423076923076923 0.15384615384615385
7 0.8149038461538461 0.6105769230769231 0.8942307692307693 0.6105769230769231 0.8942307692307693 0.7764423076923077 0.8149038461538461 0.7764423076923077