2 0.7524038461538461 0.14903846153846154 0.8413461538461539 0.14903846153846154 0.8413461538461539 0.36538461538461536 0.7524038461538461 0.36538461538461536
1 0.5841346153846154 0.036057692307692304 0.6442307692307693 0.036057692307692304 0.6442307692307693 0.18990384615384615 0.5841346153846154 0.18990384615384615
6 0.5576923076923077 0 0.625 0 0.625 0.10096153846153846 0.5576923076923077 0.10096153846153846
6 0.4951923076923077 0.13942307692307693 0.5649038461538461 0.13942307692307693 0.5649038461538461 0.27163461538461536 0.4951923076923077 0.27163461538461536
3 0.41586538461538464 0.14182692307692307 0.47836538461538464 0.14182692307692307 0.47836538461538464 0.2860576923076923 0.41586538461538464 0.2860576923076923
4 0.39903846153846156 0.08653846153846154 0.4567307692307692 0.08653846153846154 0.4567307692307692 0.19951923076923078 0.39903846153846156 0.19951923076923078
4 0.6802884615384616 0.24519230769230768 0.7355769230769231 0.24519230769230768 0.7355769230769231 0.3605769230769231 0.6802884615384616 0.3605769230769231
4 0.59375 0.4567307692307692 0.6490384615384616 0.4567307692307692 0.6490384615384616 0.5817307692307693 0.59375 0.5817307692307693
4 0.7283653846153846 0.7067307692307693 0.7932692307692307 0.7067307692307693 0.7932692307692307 0.8341346153846154 0.7283653846153846 0.8341346153846154
4 0.5168269230769231 0.5865384615384616 0.5841346153846154 0.5865384615384616 0.5841346153846154 0.7211538461538461 0.5168269230769231 0.7211538461538461
3 0.40384615384615385 0.6875 0.4855769230769231 0.6875 0.4855769230769231 0.8653846153846154 0.40384615384615385 0.8653846153846154
8 0.10336538461538461 0.28125 0.19471153846153846 0.28125 0.19471153846153846 0.5024038461538461 0.10336538461538461 0.5024038461538461
12 0.15625 0 0.2283653846153846 0 0.2283653846153846 0.11778846153846154 0.15625 0.11778846153846154
9 0.18269230769230768 0.7043269230769231 0.27163461538461536 0.7043269230769231 0.27163461538461536 0.8798076923076923 0.18269230769230768 0.8798076923076923
11 0.31009615384615385 0.01201923076923077 0.38221153846153844 0.01201923076923077 0.38221153846153844 0.20673076923076922 0.31009615384615385 0.20673076923076922
7 0.1466346153846154 0.040865384615384616 0.21153846153846154 0.040865384615384616 0.21153846153846154 0.19230769230769232 0.1466346153846154 0.19230769230769232
7 0.3245192307692308 0.3269230769230769 0.3894230769230769 0.3269230769230769 0.3894230769230769 0.4831730769230769 0.3245192307692308 0.4831730769230769
10 0.4879807692307692 0.057692307692307696 0.5456730769230769 0.057692307692307696 0.5456730769230769 0.17548076923076922 0.4879807692307692 0.17548076923076922
10 0.24278846153846154 0.07211538461538461 0.30288461538461536 0.07211538461538461 0.30288461538461536 0.19471153846153846 0.24278846153846154 0.19471153846153846
10 0.22596153846153846 0.2548076923076923 0.28365384615384615 0.2548076923076923 0.28365384615384615 0.3701923076923077 0.22596153846153846 0.3701923076923077
10 0.21875 0.3581730769230769 0.28365384615384615 0.3581730769230769 0.28365384615384615 0.47836538461538464 0.21875 0.47836538461538464
10 0.32211538461538464 0.4831730769230769 0.3894230769230769 0.4831730769230769 0.3894230769230769 0.6105769230769231 0.32211538461538464 0.6105769230769231