5 0.7548076923076923 0.20192307692307693 0.8293269230769231 0.20192307692307693 0.8293269230769231 0.3701923076923077 0.7548076923076923 0.3701923076923077
2 0.7596153846153846 0.2644230769230769 0.8413461538461539 0.2644230769230769 0.8413461538461539 0.45913461538461536 0.7596153846153846 0.45913461538461536
6 0.8197115384615384 0.6610576923076923 0.8942307692307693 0.6610576923076923 0.8942307692307693 0.8028846153846154 0.8197115384615384 0.8028846153846154
6 0.71875 0 0.7716346153846154 0 0.7716346153846154 0.10817307692307693 0.71875 0.10817307692307693
1 0.7331730769230769 0.13221153846153846 0.7836538461538461 0.13221153846153846 0.7836538461538461 0.2668269230769231 0.7331730769230769 0.2668269230769231
1 0.6850961538461539 0.5504807692307693 0.75 0.5504807692307693 0.75 0.6802884615384616 0.6850961538461539 0.6802884615384616
4 0.6826923076923077 0.34375 0.7283653846153846 0.34375 0.7283653846153846 0.44471153846153844 0.6826923076923077 0.44471153846153844
4 0.6923076923076923 0.4495192307692308 0.7427884615384616 0.4495192307692308 0.7427884615384616 0.5552884615384616 0.6923076923076923 0.5552884615384616
4 0.625 0.6923076923076923 0.6778846153846154 0.6923076923076923 0.6778846153846154 0.7956730769230769 0.625 0.7956730769230769
4 0.5985576923076923 0.5600961538461539 0.6514423076923077 0.5600961538461539 0.6514423076923077 0.6730769230769231 0.5985576923076923 0.6730769230769231
4 0.6586538461538461 0.17067307692307693 0.7043269230769231 0.17067307692307693 0.7043269230769231 0.2668269230769231 0.6586538461538461 0.2668269230769231
4 0.6466346153846154 0.0889423076923077 0.6875 0.0889423076923077 0.6875 0.18028846153846154 0.6466346153846154 0.18028846153846154
4 0.6394230769230769 0 0.6826923076923077 0 0.6826923076923077 0.0985576923076923 0.6394230769230769 0.0985576923076923
3 0.5649038461538461 0.052884615384615384 0.6153846153846154 0.052884615384615384 0.6153846153846154 0.1875 0.5649038461538461 0.1875
3 0.6033653846153846 0.40865384615384615 0.6658653846153846 0.40865384615384615 0.6658653846153846 0.5528846153846154 0.6033653846153846 0.5528846153846154
4 0.4951923076923077 0.24519230769230768 0.5408653846153846 0.24519230769230768 0.5408653846153846 0.35096153846153844 0.4951923076923077 0.35096153846153844
11 0.14903846153846154 0.18990384615384615 0.21394230769230768 0.18990384615384615 0.21394230769230768 0.3629807692307692 0.14903846153846154 0.3629807692307692
8 0.13221153846153846 0.2644230769230769 0.20192307692307693 0.2644230769230769 0.20192307692307693 0.4639423076923077 0.13221153846153846 0.4639423076923077
7 0.12740384615384615 0.4230769230769231 0.18509615384615385 0.4230769230769231 0.18509615384615385 0.5625 0.12740384615384615 0.5625
7 0.15865384615384615 0.13221153846153846 0.21153846153846154 0.13221153846153846 0.21153846153846154 0.2668269230769231 0.15865384615384615 0.2668269230769231
9 0.3317307692307692 0.11778846153846154 0.3942307692307692 0.11778846153846154 0.3942307692307692 0.27163461538461536 0.3317307692307692 0.27163461538461536
9 0.12980769230769232 0.5288461538461539 0.19951923076923078 0.5288461538461539 0.19951923076923078 0.6850961538461539 0.12980769230769232 0.6850961538461539
10 0.42788461538461536 0.6899038461538461 0.4831730769230769 0.6899038461538461 0.4831730769230769 0.7980769230769231 0.42788461538461536 0.7980769230769231
10 0.23076923076923078 0.5697115384615384 0.29086538461538464 0.5697115384615384 0.29086538461538464 0.6778846153846154 0.23076923076923078 0.6778846153846154
10 0.23076923076923078 0.46634615384615385 0.29086538461538464 0.46634615384615385 0.29086538461538464 0.5793269230769231 0.23076923076923078 0.5793269230769231
10 0.24278846153846154 0.3605769230769231 0.2980769230769231 0.3605769230769231 0.2980769230769231 0.46153846153846156 0.24278846153846154 0.46153846153846156
10 0.24278846153846154 0.25961538461538464 0.30288461538461536 0.25961538461538464 0.30288461538461536 0.3605769230769231 0.24278846153846154 0.3605769230769231
10 0.24759615384615385 0.17307692307692307 0.3004807692307692 0.17307692307692307 0.3004807692307692 0.2668269230769231 0.24759615384615385 0.2668269230769231
10 0.25 0.0889423076923077 0.30528846153846156 0.0889423076923077 0.30528846153846156 0.18028846153846154 0.25 0.18028846153846154
10 0.25721153846153844 0.002403846153846154 0.2980769230769231 0.002403846153846154 0.2980769230769231 0.10096153846153846 0.25721153846153844 0.10096153846153846
12 0.17307692307692307 0 0.22596153846153846 0 0.22596153846153846 0.10336538461538461 0.17307692307692307 0.10336538461538461
12 0.22115384615384615 0.6826923076923077 0.2860576923076923 0.6826923076923077 0.2860576923076923 0.8197115384615384 0.22115384615384615 0.8197115384615384