5 0.11298076923076923 0.19951923076923078 0.19230769230769232 0.19951923076923078 0.19230769230769232 0.37740384615384615 0.11298076923076923 0.37740384615384615
2 0.10336538461538461 0.2644230769230769 0.1875 0.2644230769230769 0.1875 0.46875 0.10336538461538461 0.46875
6 0.04807692307692308 0.6826923076923077 0.12740384615384615 0.6826923076923077 0.12740384615384615 0.8317307692307693 0.04807692307692308 0.8317307692307693
6 0.17067307692307693 0 0.2283653846153846 0 0.2283653846153846 0.0985576923076923 0.17067307692307693 0.0985576923076923
1 0.16105769230769232 0.12259615384615384 0.21153846153846154 0.12259615384615384 0.21153846153846154 0.2668269230769231 0.16105769230769232 0.2668269230769231
1 0.19951923076923078 0.5600961538461539 0.2644230769230769 0.5600961538461539 0.2644230769230769 0.6971153846153846 0.19951923076923078 0.6971153846153846
4 0.21875 0.34375 0.2692307692307692 0.34375 0.2692307692307692 0.44711538461538464 0.21875 0.44711538461538464
4 0.20432692307692307 0.4543269230769231 0.25721153846153844 0.4543269230769231 0.25721153846153844 0.5649038461538461 0.20432692307692307 0.5649038461538461
4 0.2764423076923077 0.7043269230769231 0.3317307692307692 0.7043269230769231 0.3317307692307692 0.8149038461538461 0.2764423076923077 0.8149038461538461
4 0.30288461538461536 0.5673076923076923 0.3581730769230769 0.5673076923076923 0.3581730769230769 0.6850961538461539 0.30288461538461536 0.6850961538461539
4 0.24519230769230768 0.16105769230769232 0.29086538461538464 0.16105769230769232 0.29086538461538464 0.2620192307692308 0.24519230769230768 0.2620192307692308
4 0.25961538461538464 0.07211538461538461 0.30288461538461536 0.07211538461538461 0.30288461538461536 0.17067307692307693 0.25961538461538464 0.17067307692307693
4 0.2668269230769231 0 0.3125 0 0.3125 0.08653846153846154 0.2668269230769231 0.08653846153846154
3 0.33653846153846156 0.03125 0.3894230769230769 0.03125 0.3894230769230769 0.17548076923076922 0.33653846153846156 0.17548076923076922
3 0.2860576923076923 0.40625 0.35336538461538464 0.40625 0.35336538461538464 0.5600961538461539 0.2860576923076923 0.5600961538461539
4 0.41586538461538464 0.2283653846153846 0.4639423076923077 0.2283653846153846 0.4639423076923077 0.34134615384615385 0.41586538461538464 0.34134615384615385
11 0.7620192307692307 0.15625 0.8269230769230769 0.15625 0.8269230769230769 0.3389423076923077 0.7620192307692307 0.3389423076923077
8 0.7740384615384616 0.23317307692307693 0.8461538461538461 0.23317307692307693 0.8461538461538461 0.44471153846153844 0.7740384615384616 0.44471153846153844
7 0.7932692307692307 0.4014423076923077 0.8533653846153846 0.4014423076923077 0.8533653846153846 0.5480769230769231 0.7932692307692307 0.5480769230769231
7 0.7620192307692307 0.09375 0.8173076923076923 0.09375 0.8173076923076923 0.23798076923076922 0.7620192307692307 0.23798076923076922
9 0.5721153846153846 0.0889423076923077 0.6346153846153846 0.0889423076923077 0.6346153846153846 0.25 0.5721153846153846 0.25
9 0.7788461538461539 0.5120192307692307 0.8509615384615384 0.5120192307692307 0.8509615384615384 0.6778846153846154 0.7788461538461539 0.6778846153846154
10 0.4807692307692308 0.6947115384615384 0.5384615384615384 0.6947115384615384 0.5384615384615384 0.8100961538461539 0.4807692307692308 0.8100961538461539
10 0.6826923076923077 0.5600961538461539 0.7451923076923077 0.5600961538461539 0.7451923076923077 0.6730769230769231 0.6826923076923077 0.6730769230769231
10 0.6802884615384616 0.4519230769230769 0.7427884615384616 0.4519230769230769 0.7427884615384616 0.5697115384615384 0.6802884615384616 0.5697115384615384
10 0.6706730769230769 0.3389423076923077 0.7307692307692307 0.3389423076923077 0.7307692307692307 0.4495192307692308 0.6706730769230769 0.4495192307692308
10 0.6682692307692307 0.23076923076923078 0.7307692307692307 0.23076923076923078 0.7307692307692307 0.3389423076923077 0.6682692307692307 0.3389423076923077
10 0.6682692307692307 0.14182692307692307 0.7235576923076923 0.14182692307692307 0.7235576923076923 0.24278846153846154 0.6682692307692307 0.24278846153846154
10 0.6634615384615384 0.052884615384615384 0.71875 0.052884615384615384 0.71875 0.15144230769230768 0.6634615384615384 0.15144230769230768
10 0.6706730769230769 0 0.7115384615384616 0 0.7115384615384616 0.0673076923076923 0.6706730769230769 0.0673076923076923
12 0.7451923076923077 0 0.8004807692307693 0 0.8004807692307693 0.0673076923076923 0.7451923076923077 0.0673076923076923
12 0.6875 0.6778846153846154 0.7548076923076923 0.6778846153846154 0.7548076923076923 0.8221153846153846 0.6875 0.8221153846153846