5 0.15865384615384615 0.19230769230769232 0.23798076923076922 0.19230769230769232 0.23798076923076922 0.3605769230769231 0.15865384615384615 0.3605769230769231
2 0.15144230769230768 0.2548076923076923 0.23076923076923078 0.2548076923076923 0.23076923076923078 0.4495192307692308 0.15144230769230768 0.4495192307692308
6 0.09134615384615384 0.65625 0.17067307692307693 0.65625 0.17067307692307693 0.7932692307692307 0.09134615384615384 0.7932692307692307
6 0.22355769230769232 0 0.27163461538461536 0 0.27163461538461536 0.09615384615384616 0.22355769230769232 0.09615384615384616
1 0.20432692307692307 0.11778846153846154 0.2548076923076923 0.11778846153846154 0.2548076923076923 0.25721153846153844 0.20432692307692307 0.25721153846153844
1 0.23317307692307693 0.53125 0.2980769230769231 0.53125 0.2980769230769231 0.6730769230769231 0.23317307692307693 0.6730769230769231
4 0.30528846153846156 0 0.35336538461538464 0 0.35336538461538464 0.08413461538461539 0.30528846153846156 0.08413461538461539
4 0.2860576923076923 0.15625 0.3293269230769231 0.15625 0.3293269230769231 0.25721153846153844 0.2860576923076923 0.25721153846153844
4 0.3004807692307692 0.06971153846153846 0.34375 0.06971153846153846 0.34375 0.16826923076923078 0.3004807692307692 0.16826923076923078
4 0.23798076923076922 0.43990384615384615 0.2956730769230769 0.43990384615384615 0.2956730769230769 0.5408653846153846 0.23798076923076922 0.5408653846153846
4 0.25961538461538464 0.3293269230769231 0.3076923076923077 0.3293269230769231 0.3076923076923077 0.43509615384615385 0.25961538461538464 0.43509615384615385
4 0.30528846153846156 0.6754807692307693 0.3557692307692308 0.6754807692307693 0.3557692307692308 0.78125 0.30528846153846156 0.78125
4 0.3317307692307692 0.5456730769230769 0.3870192307692308 0.5456730769230769 0.3870192307692308 0.6586538461538461 0.3317307692307692 0.6586538461538461
4 0.44711538461538464 0.22355769230769232 0.4951923076923077 0.22355769230769232 0.4951923076923077 0.3269230769230769 0.44711538461538464 0.3269230769230769
3 0.375 0.038461538461538464 0.42788461538461536 0.038461538461538464 0.42788461538461536 0.16826923076923078 0.375 0.16826923076923078
3 0.5144230769230769 0.2932692307692308 0.5745192307692307 0.2932692307692308 0.5745192307692307 0.4375 0.5144230769230769 0.4375
11 0.7764423076923077 0.15625 0.8413461538461539 0.15625 0.8413461538461539 0.3317307692307692 0.7764423076923077 0.3317307692307692
8 0.7860576923076923 0.23557692307692307 0.8581730769230769 0.23557692307692307 0.8581730769230769 0.42788461538461536 0.7860576923076923 0.42788461538461536
7 0.7788461538461539 0.10096153846153846 0.8317307692307693 0.10096153846153846 0.8317307692307693 0.23798076923076922 0.7788461538461539 0.23798076923076922
7 0.8028846153846154 0.39663461538461536 0.8629807692307693 0.39663461538461536 0.8629807692307693 0.53125 0.8028846153846154 0.53125
9 0.6033653846153846 0.0985576923076923 0.65625 0.0985576923076923 0.65625 0.24519230769230768 0.6033653846153846 0.24519230769230768
9 0.7884615384615384 0.5072115384615384 0.8605769230769231 0.5072115384615384 0.8605769230769231 0.6514423076923077 0.7884615384615384 0.6514423076923077
12 0.6971153846153846 0.6514423076923077 0.7620192307692307 0.6514423076923077 0.7620192307692307 0.7932692307692307 0.6971153846153846 0.7932692307692307
12 0.7692307692307693 0 0.8173076923076923 0 0.8173076923076923 0.06971153846153846 0.7692307692307693 0.06971153846153846
10 0.6947115384615384 0 0.7331730769230769 0 0.7331730769230769 0.06971153846153846 0.6947115384615384 0.06971153846153846
10 0.6923076923076923 0.057692307692307696 0.7331730769230769 0.057692307692307696 0.7331730769230769 0.14903846153846154 0.6923076923076923 0.14903846153846154
10 0.6923076923076923 0.1466346153846154 0.7355769230769231 0.1466346153846154 0.7355769230769231 0.2403846153846154 0.6923076923076923 0.2403846153846154
10 0.6947115384615384 0.2283653846153846 0.7403846153846154 0.2283653846153846 0.7403846153846154 0.3293269230769231 0.6947115384615384 0.3293269230769231
10 0.6923076923076923 0.3317307692307692 0.7427884615384616 0.3317307692307692 0.7427884615384616 0.4326923076923077 0.6923076923076923 0.4326923076923077
10 0.6995192307692307 0.4326923076923077 0.75 0.4326923076923077 0.75 0.5384615384615384 0.6995192307692307 0.5384615384615384
10 0.6971153846153846 0.5384615384615384 0.75 0.5384615384615384 0.75 0.6466346153846154 0.6971153846153846 0.6466346153846154
10 0.5024038461538461 0.6610576923076923 0.5576923076923077 0.6610576923076923 0.5576923076923077 0.7788461538461539 0.5024038461538461 0.7788461538461539