5 0.7379807692307693 0.22115384615384615 0.8149038461538461 0.22115384615384615 0.8149038461538461 0.3894230769230769 0.7379807692307693 0.3894230769230769
2 0.7427884615384616 0.28365384615384615 0.8245192307692307 0.28365384615384615 0.8245192307692307 0.47596153846153844 0.7427884615384616 0.47596153846153844
1 0.7692307692307693 0.43990384615384615 0.8341346153846154 0.43990384615384615 0.8341346153846154 0.5793269230769231 0.7692307692307693 0.5793269230769231
1 0.7211538461538461 0.14903846153846154 0.7788461538461539 0.14903846153846154 0.7788461538461539 0.27884615384615385 0.7211538461538461 0.27884615384615385
3 0.7091346153846154 0.07451923076923077 0.7692307692307693 0.07451923076923077 0.7692307692307693 0.19471153846153846 0.7091346153846154 0.19471153846153846
3 0.7788461538461539 0.5673076923076923 0.8581730769230769 0.5673076923076923 0.8581730769230769 0.6923076923076923 0.7788461538461539 0.6923076923076923
6 0.7932692307692307 0.6947115384615384 0.8701923076923077 0.6947115384615384 0.8701923076923077 0.8293269230769231 0.7932692307692307 0.8293269230769231
6 0.7115384615384616 0.016826923076923076 0.7644230769230769 0.016826923076923076 0.7644230769230769 0.11538461538461539 0.7115384615384616 0.11538461538461539
4 0.6322115384615384 0.014423076923076924 0.6754807692307693 0.014423076923076924 0.6754807692307693 0.11057692307692307 0.6322115384615384 0.11057692307692307
4 0.6370192307692307 0.09615384615384616 0.6778846153846154 0.09615384615384616 0.6778846153846154 0.19230769230769232 0.6370192307692307 0.19230769230769232
4 0.6466346153846154 0.18028846153846154 0.6899038461538461 0.18028846153846154 0.6899038461538461 0.27884615384615385 0.6466346153846154 0.27884615384615385
4 0.6538461538461539 0.2620192307692308 0.6971153846153846 0.2620192307692308 0.6971153846153846 0.3629807692307692 0.6538461538461539 0.3629807692307692
4 0.6610576923076923 0.3605769230769231 0.7115384615384616 0.3605769230769231 0.7115384615384616 0.46153846153846156 0.6610576923076923 0.46153846153846156
4 0.6682692307692307 0.46875 0.7235576923076923 0.46875 0.7235576923076923 0.5769230769230769 0.6682692307692307 0.5769230769230769
4 0.6850961538461539 0.5793269230769231 0.7355769230769231 0.5793269230769231 0.7355769230769231 0.6947115384615384 0.6850961538461539 0.6947115384615384
4 0.6947115384615384 0.7067307692307693 0.7524038461538461 0.7067307692307693 0.7524038461538461 0.8197115384615384 0.6947115384615384 0.8197115384615384
11 0.125 0.18269230769230768 0.18990384615384615 0.18269230769230768 0.18990384615384615 0.3581730769230769 0.125 0.3581730769230769
8 0.10576923076923077 0.25961538461538464 0.1778846153846154 0.25961538461538464 0.1778846153846154 0.45913461538461536 0.10576923076923077 0.45913461538461536
7 0.13942307692307693 0.12259615384615384 0.18990384615384615 0.12259615384615384 0.18990384615384615 0.2620192307692308 0.13942307692307693 0.2620192307692308
7 0.09615384615384616 0.4206730769230769 0.15625 0.4206730769230769 0.15625 0.5576923076923077 0.09615384615384616 0.5576923076923077
9 0.15625 0.04807692307692308 0.21153846153846154 0.04807692307692308 0.21153846153846154 0.1778846153846154 0.15625 0.1778846153846154
9 0.0985576923076923 0.5360576923076923 0.16346153846153846 0.5360576923076923 0.16346153846153846 0.6802884615384616 0.0985576923076923 0.6802884615384616
12 0.06490384615384616 0.6899038461538461 0.13701923076923078 0.6899038461538461 0.13701923076923078 0.8293269230769231 0.06490384615384616 0.8293269230769231
12 0.16105769230769232 0.004807692307692308 0.21153846153846154 0.004807692307692308 0.21153846153846154 0.09134615384615384 0.16105769230769232 0.09134615384615384
10 0.23798076923076922 0.07932692307692307 0.28365384615384615 0.07932692307692307 0.28365384615384615 0.18028846153846154 0.23798076923076922 0.18028846153846154
10 0.24278846153846154 0.004807692307692308 0.2860576923076923 0.004807692307692308 0.2860576923076923 0.09615384615384616 0.24278846153846154 0.09615384615384616
10 0.23557692307692307 0.1658653846153846 0.27884615384615385 0.1658653846153846 0.27884615384615385 0.2644230769230769 0.23557692307692307 0.2644230769230769
10 0.22596153846153846 0.25240384615384615 0.27403846153846156 0.25240384615384615 0.27403846153846156 0.3581730769230769 0.22596153846153846 0.3581730769230769
10 0.22355769230769232 0.3581730769230769 0.27163461538461536 0.3581730769230769 0.27163461538461536 0.46153846153846156 0.22355769230769232 0.46153846153846156
10 0.2091346153846154 0.46875 0.25961538461538464 0.46875 0.25961538461538464 0.5673076923076923 0.2091346153846154 0.5673076923076923
10 0.20432692307692307 0.5673076923076923 0.25721153846153844 0.5673076923076923 0.25721153846153844 0.6754807692307693 0.20432692307692307 0.6754807692307693
10 0.18269230769230768 0.6923076923076923 0.24759615384615385 0.6923076923076923 0.24759615384615385 0.8076923076923077 0.18269230769230768 0.8076923076923077