5 0.15625 0.2091346153846154 0.23076923076923078 0.2091346153846154 0.23076923076923078 0.3701923076923077 0.15625 0.3701923076923077
2 0.14423076923076922 0.2692307692307692 0.22355769230769232 0.2692307692307692 0.22355769230769232 0.4567307692307692 0.14423076923076922 0.4567307692307692
1 0.12740384615384615 0.4206730769230769 0.19230769230769232 0.4206730769230769 0.19230769230769232 0.5552884615384616 0.12740384615384615 0.5552884615384616
1 0.19471153846153846 0.13942307692307693 0.25240384615384615 0.13942307692307693 0.25240384615384615 0.2644230769230769 0.19471153846153846 0.2644230769230769
3 0.20673076923076922 0.06490384615384616 0.2668269230769231 0.06490384615384616 0.2668269230769231 0.18269230769230768 0.20673076923076922 0.18269230769230768
3 0.10096153846153846 0.5456730769230769 0.18028846153846154 0.5456730769230769 0.18028846153846154 0.6682692307692307 0.10096153846153846 0.6682692307692307
6 0.08413461538461539 0.6706730769230769 0.16105769230769232 0.6706730769230769 0.16105769230769232 0.8004807692307693 0.08413461538461539 0.8004807692307693
6 0.21394230769230768 0 0.2668269230769231 0 0.2668269230769231 0.10576923076923077 0.21394230769230768 0.10576923076923077
4 0.30288461538461536 0.004807692307692308 0.34615384615384615 0.004807692307692308 0.34615384615384615 0.10096153846153846 0.30288461538461536 0.10096153846153846
4 0.2956730769230769 0.08653846153846154 0.33653846153846156 0.08653846153846154 0.33653846153846156 0.18028846153846154 0.2956730769230769 0.18028846153846154
4 0.28125 0.16826923076923078 0.3245192307692308 0.16826923076923078 0.3245192307692308 0.2644230769230769 0.28125 0.2644230769230769
4 0.2692307692307692 0.25 0.31490384615384615 0.25 0.31490384615384615 0.3485576923076923 0.2692307692307692 0.3485576923076923
4 0.25240384615384615 0.34615384615384615 0.30288461538461536 0.34615384615384615 0.30288461538461536 0.44471153846153844 0.25240384615384615 0.44471153846153844
4 0.23557692307692307 0.4543269230769231 0.29086538461538464 0.4543269230769231 0.29086538461538464 0.5576923076923077 0.23557692307692307 0.5576923076923077
4 0.21875 0.5600961538461539 0.27163461538461536 0.5600961538461539 0.27163461538461536 0.6706730769230769 0.21875 0.6706730769230769
4 0.19951923076923078 0.6850961538461539 0.2548076923076923 0.6850961538461539 0.2548076923076923 0.7932692307692307 0.19951923076923078 0.7932692307692307
11 0.7692307692307693 0.18028846153846154 0.8341346153846154 0.18028846153846154 0.8341346153846154 0.35336538461538464 0.7692307692307693 0.35336538461538464
8 0.7764423076923077 0.2548076923076923 0.8485576923076923 0.2548076923076923 0.8485576923076923 0.4519230769230769 0.7764423076923077 0.4519230769230769
7 0.7716346153846154 0.1201923076923077 0.8245192307692307 0.1201923076923077 0.8245192307692307 0.25721153846153844 0.7716346153846154 0.25721153846153844
7 0.7932692307692307 0.41586538461538464 0.8509615384615384 0.41586538461538464 0.8509615384615384 0.5456730769230769 0.7932692307692307 0.5456730769230769
9 0.7548076923076923 0.04807692307692308 0.8100961538461539 0.04807692307692308 0.8100961538461539 0.17548076923076922 0.7548076923076923 0.17548076923076922
9 0.78125 0.5264423076923077 0.8461538461538461 0.5264423076923077 0.8461538461538461 0.6682692307692307 0.78125 0.6682692307692307
12 0.8028846153846154 0.6778846153846154 0.875 0.6778846153846154 0.875 0.8125 0.8028846153846154 0.8125
12 0.7596153846153846 0 0.8076923076923077 0 0.8076923076923077 0.0889423076923077 0.7596153846153846 0.0889423076923077
10 0.6826923076923077 0.07692307692307693 0.7283653846153846 0.07692307692307693 0.7283653846153846 0.17548076923076922 0.6826923076923077 0.17548076923076922
10 0.6826923076923077 0 0.7283653846153846 0 0.7283653846153846 0.09375 0.6826923076923077 0.09375
10 0.6826923076923077 0.16105769230769232 0.7283653846153846 0.16105769230769232 0.7283653846153846 0.25961538461538464 0.6826923076923077 0.25961538461538464
10 0.6850961538461539 0.24759615384615385 0.7331730769230769 0.24759615384615385 0.7331730769230769 0.35096153846153844 0.6850961538461539 0.35096153846153844
10 0.6850961538461539 0.35096153846153844 0.7331730769230769 0.35096153846153844 0.7331730769230769 0.4519230769230769 0.6850961538461539 0.4519230769230769
10 0.6899038461538461 0.4567307692307692 0.7403846153846154 0.4567307692307692 0.7403846153846154 0.5552884615384616 0.6899038461538461 0.5552884615384616
10 0.6899038461538461 0.5552884615384616 0.7427884615384616 0.5552884615384616 0.7427884615384616 0.6610576923076923 0.6899038461538461 0.6610576923076923
10 0.6923076923076923 0.6778846153846154 0.7572115384615384 0.6778846153846154 0.7572115384615384 0.7908653846153846 0.6923076923076923 0.7908653846153846