10 0.7307692307692307 0.08653846153846154 0.7956730769230769 0.08653846153846154 0.7956730769230769 0.20432692307692307 0.7307692307692307 0.20432692307692307
7 0.5480769230769231 0.35336538461538464 0.6129807692307693 0.35336538461538464 0.6129807692307693 0.5024038461538461 0.5480769230769231 0.5024038461538461
8 0.8365384615384616 0.18269230769230768 0.9206730769230769 0.18269230769230768 0.9206730769230769 0.4014423076923077 0.8365384615384616 0.4014423076923077
11 0.6514423076923077 0.03365384615384615 0.7211538461538461 0.03365384615384615 0.7211538461538461 0.22355769230769232 0.6514423076923077 0.22355769230769232
12 0.5576923076923077 0.2620192307692308 0.6225961538461539 0.2620192307692308 0.6225961538461539 0.4014423076923077 0.5576923076923077 0.4014423076923077
9 0.5336538461538461 0.5769230769230769 0.6057692307692307 0.5769230769230769 0.6057692307692307 0.7427884615384616 0.5336538461538461 0.7427884615384616
10 0.75 0.2620192307692308 0.8100961538461539 0.2620192307692308 0.8100961538461539 0.3894230769230769 0.75 0.3894230769230769
10 0.6418269230769231 0.5 0.7067307692307693 0.5 0.7067307692307693 0.6298076923076923 0.6418269230769231 0.6298076923076923
6 0.7379807692307693 0 0.8004807692307693 0 0.8004807692307693 0.11057692307692307 0.7379807692307693 0.11057692307692307
3 0.7524038461538461 0.5697115384615384 0.8269230769230769 0.5697115384615384 0.8269230769230769 0.7403846153846154 0.7524038461538461 0.7403846153846154
2 0.18509615384615385 0.18028846153846154 0.28365384615384615 0.18028846153846154 0.28365384615384615 0.4014423076923077 0.18509615384615385 0.4014423076923077
4 0.4423076923076923 0.6153846153846154 0.5048076923076923 0.6153846153846154 0.5048076923076923 0.7427884615384616 0.4423076923076923 0.7427884615384616
4 0.39903846153846156 0.28365384615384615 0.4543269230769231 0.28365384615384615 0.4543269230769231 0.40384615384615385 0.39903846153846156 0.40384615384615385
4 0.375 0.47836538461538464 0.4375 0.47836538461538464 0.4375 0.6129807692307693 0.375 0.6129807692307693