10 0.19951923076923078 0.0985576923076923 0.2668269230769231 0.0985576923076923 0.2668269230769231 0.21875 0.19951923076923078 0.21875
7 0.36778846153846156 0.3701923076923077 0.4375 0.3701923076923077 0.4375 0.5216346153846154 0.36778846153846156 0.5216346153846154
8 0.0673076923076923 0.19230769230769232 0.15625 0.19230769230769232 0.15625 0.41346153846153844 0.0673076923076923 0.41346153846153844
11 0.27403846153846156 0.04807692307692308 0.34615384615384615 0.04807692307692308 0.34615384615384615 0.2403846153846154 0.27403846153846156 0.2403846153846154
12 0.3629807692307692 0.27884615384615385 0.4326923076923077 0.27884615384615385 0.4326923076923077 0.4182692307692308 0.3629807692307692 0.4182692307692308
9 0.3629807692307692 0.59375 0.43990384615384615 0.59375 0.43990384615384615 0.7620192307692307 0.3629807692307692 0.7620192307692307
10 0.1778846153846154 0.27403846153846156 0.24278846153846154 0.27403846153846156 0.24278846153846154 0.4014423076923077 0.1778846153846154 0.4014423076923077
10 0.2692307692307692 0.5144230769230769 0.33653846153846156 0.5144230769230769 0.33653846153846156 0.6466346153846154 0.2692307692307692 0.6466346153846154
6 0.1971153846153846 0.007211538461538462 0.2644230769230769 0.007211538461538462 0.2644230769230769 0.125 0.1971153846153846 0.125
3 0.14182692307692307 0.5817307692307693 0.22115384615384615 0.5817307692307693 0.22115384615384615 0.7524038461538461 0.14182692307692307 0.7524038461538461
2 0.7043269230769231 0.20673076923076922 0.8076923076923077 0.20673076923076922 0.8076923076923077 0.43028846153846156 0.7043269230769231 0.43028846153846156
4 0.46634615384615385 0.6346153846153846 0.53125 0.6346153846153846 0.53125 0.7644230769230769 0.46634615384615385 0.7644230769230769
4 0.5336538461538461 0.30528846153846156 0.5889423076923077 0.30528846153846156 0.5889423076923077 0.42788461538461536 0.5336538461538461 0.42788461538461536
4 0.5408653846153846 0.5 0.6057692307692307 0.5 0.6057692307692307 0.6370192307692307 0.5408653846153846 0.6370192307692307