7 0.41586538461538464 0.3317307692307692 0.4855769230769231 0.3317307692307692 0.4855769230769231 0.4879807692307692 0.41586538461538464 0.4879807692307692
12 0.40865384615384615 0.23798076923076922 0.4807692307692308 0.23798076923076922 0.4807692307692308 0.38221153846153844 0.40865384615384615 0.38221153846153844
11 0.31009615384615385 0.014423076923076924 0.38461538461538464 0.014423076923076924 0.38461538461538464 0.20432692307692307 0.31009615384615385 0.20432692307692307
9 0.43028846153846156 0.5600961538461539 0.5120192307692307 0.5600961538461539 0.5120192307692307 0.7139423076923077 0.43028846153846156 0.7139423076923077
10 0.33413461538461536 0.47836538461538464 0.3942307692307692 0.47836538461538464 0.3942307692307692 0.6129807692307693 0.33413461538461536 0.6129807692307693
10 0.24519230769230768 0.07692307692307693 0.3004807692307692 0.07692307692307693 0.3004807692307692 0.18990384615384615 0.24519230769230768 0.18990384615384615
10 0.22355769230769232 0.25 0.28846153846153844 0.25 0.28846153846153844 0.3701923076923077 0.22355769230769232 0.3701923076923077
8 0.11057692307692307 0.16346153846153846 0.20192307692307693 0.16346153846153846 0.20192307692307693 0.3870192307692308 0.11057692307692307 0.3870192307692308
6 0.23557692307692307 0 0.3004807692307692 0 0.3004807692307692 0.0985576923076923 0.23557692307692307 0.0985576923076923
3 0.19471153846153846 0.5432692307692307 0.28365384615384615 0.5432692307692307 0.28365384615384615 0.7163461538461539 0.19471153846153846 0.7163461538461539
2 0.75 0.1658653846153846 0.8413461538461539 0.1658653846153846 0.8413461538461539 0.37740384615384615 0.75 0.37740384615384615
4 0.5769230769230769 0.2620192307692308 0.6346153846153846 0.2620192307692308 0.6346153846153846 0.3798076923076923 0.5769230769230769 0.3798076923076923
4 0.4110576923076923 0.46153846153846156 0.47115384615384615 0.46153846153846156 0.47115384615384615 0.5841346153846154 0.4110576923076923 0.5841346153846154
4 0.53125 0.5985576923076923 0.59375 0.5985576923076923 0.59375 0.71875 0.53125 0.71875