7 0.5216346153846154 0.3485576923076923 0.5889423076923077 0.3485576923076923 0.5889423076923077 0.5048076923076923 0.5216346153846154 0.5048076923076923
12 0.5240384615384616 0.25721153846153844 0.59375 0.25721153846153844 0.59375 0.39903846153846156 0.5240384615384616 0.39903846153846156
11 0.6153846153846154 0.03365384615384615 0.6875 0.03365384615384615 0.6875 0.22355769230769232 0.6153846153846154 0.22355769230769232
9 0.5024038461538461 0.5745192307692307 0.5817307692307693 0.5745192307692307 0.5817307692307693 0.7307692307692307 0.5024038461538461 0.7307692307692307
10 0.6153846153846154 0.4951923076923077 0.6730769230769231 0.4951923076923077 0.6730769230769231 0.6322115384615384 0.6153846153846154 0.6322115384615384
10 0.6995192307692307 0.10096153846153846 0.7524038461538461 0.10096153846153846 0.7524038461538461 0.21153846153846154 0.6995192307692307 0.21153846153846154
10 0.7139423076923077 0.27163461538461536 0.7788461538461539 0.27163461538461536 0.7788461538461539 0.3918269230769231 0.7139423076923077 0.3918269230769231
8 0.8028846153846154 0.1875 0.8870192307692307 0.1875 0.8870192307692307 0.4110576923076923 0.8028846153846154 0.4110576923076923
6 0.6995192307692307 0.016826923076923076 0.7596153846153846 0.016826923076923076 0.7596153846153846 0.1201923076923077 0.6995192307692307 0.1201923076923077
3 0.7283653846153846 0.5649038461538461 0.8149038461538461 0.5649038461538461 0.8149038461538461 0.7355769230769231 0.7283653846153846 0.7355769230769231
2 0.16346153846153846 0.17307692307692307 0.2548076923076923 0.17307692307692307 0.2548076923076923 0.3870192307692308 0.16346153846153846 0.3870192307692308
4 0.3701923076923077 0.27403846153846156 0.42788461538461536 0.27403846153846156 0.42788461538461536 0.3942307692307692 0.3701923076923077 0.3942307692307692
4 0.5384615384615384 0.47596153846153844 0.5985576923076923 0.47596153846153844 0.5985576923076923 0.6009615384615384 0.5384615384615384 0.6009615384615384
4 0.4206730769230769 0.6105769230769231 0.4807692307692308 0.6105769230769231 0.4807692307692308 0.7307692307692307 0.4206730769230769 0.7307692307692307