7 0.4230769230769231 0.35336538461538464 0.4879807692307692 0.35336538461538464 0.4879807692307692 0.5024038461538461 0.4230769230769231 0.5024038461538461
12 0.41586538461538464 0.2620192307692308 0.4855769230769231 0.2620192307692308 0.4855769230769231 0.4014423076923077 0.41586538461538464 0.4014423076923077
11 0.31971153846153844 0.04807692307692308 0.3918269230769231 0.04807692307692308 0.3918269230769231 0.23076923076923078 0.31971153846153844 0.23076923076923078
9 0.43509615384615385 0.5721153846153846 0.5168269230769231 0.5721153846153846 0.5168269230769231 0.7211538461538461 0.43509615384615385 0.7211538461538461
10 0.34375 0.4951923076923077 0.40384615384615385 0.4951923076923077 0.40384615384615385 0.6274038461538461 0.34375 0.6274038461538461
10 0.25721153846153844 0.11057692307692307 0.31009615384615385 0.11057692307692307 0.31009615384615385 0.21875 0.25721153846153844 0.21875
10 0.23557692307692307 0.2764423076923077 0.3004807692307692 0.2764423076923077 0.3004807692307692 0.3918269230769231 0.23557692307692307 0.3918269230769231
8 0.12740384615384615 0.19471153846153846 0.21394230769230768 0.19471153846153846 0.21394230769230768 0.4110576923076923 0.12740384615384615 0.4110576923076923
6 0.24759615384615385 0 0.3076923076923077 0 0.3076923076923077 0.12980769230769232 0.24759615384615385 0.12980769230769232
3 0.2091346153846154 0.5600961538461539 0.2980769230769231 0.5600961538461539 0.2980769230769231 0.7283653846153846 0.2091346153846154 0.7283653846153846
2 0.7427884615384616 0.18509615384615385 0.8341346153846154 0.18509615384615385 0.8341346153846154 0.3894230769230769 0.7427884615384616 0.3894230769230769
4 0.5769230769230769 0.28125 0.6322115384615384 0.28125 0.6322115384615384 0.39663461538461536 0.5769230769230769 0.39663461538461536
4 0.41586538461538464 0.47596153846153844 0.47596153846153844 0.47596153846153844 0.47596153846153844 0.5961538461538461 0.41586538461538464 0.5961538461538461
4 0.5336538461538461 0.6057692307692307 0.5961538461538461 0.6057692307692307 0.5961538461538461 0.7235576923076923 0.5336538461538461 0.7235576923076923