2 0.6610576923076923 0.2091346153846154 0.7548076923076923 0.2091346153846154 0.7548076923076923 0.4254807692307692 0.6610576923076923 0.4254807692307692
11 0.7091346153846154 0.04807692307692308 0.7956730769230769 0.04807692307692308 0.7956730769230769 0.2283653846153846 0.7091346153846154 0.2283653846153846
7 0.4182692307692308 0.3629807692307692 0.4855769230769231 0.3629807692307692 0.4855769230769231 0.5192307692307693 0.4182692307692308 0.5192307692307693
12 0.40384615384615385 0.2692307692307692 0.4807692307692308 0.2692307692307692 0.4807692307692308 0.41346153846153844 0.40384615384615385 0.41346153846153844
6 0.23317307692307693 0.004807692307692308 0.2956730769230769 0.004807692307692308 0.2956730769230769 0.12740384615384615 0.23317307692307693 0.12740384615384615
8 0.11298076923076923 0.18990384615384615 0.20673076923076922 0.18990384615384615 0.20673076923076922 0.4110576923076923 0.11298076923076923 0.4110576923076923
10 0.23798076923076922 0.09615384615384616 0.30288461538461536 0.09615384615384616 0.30288461538461536 0.21394230769230768 0.23798076923076922 0.21394230769230768
10 0.3317307692307692 0.5096153846153846 0.39663461538461536 0.5096153846153846 0.39663461538461536 0.6298076923076923 0.3317307692307692 0.6298076923076923
10 0.22596153846153846 0.27163461538461536 0.2860576923076923 0.27163461538461536 0.2860576923076923 0.39663461538461536 0.22596153846153846 0.39663461538461536
4 0.31971153846153844 0.38461538461538464 0.38221153846153844 0.38461538461538464 0.38221153846153844 0.5048076923076923 0.31971153846153844 0.5048076923076923
4 0.5721153846153846 0.28846153846153844 0.6346153846153846 0.28846153846153844 0.6346153846153846 0.40865384615384615 0.5721153846153846 0.40865384615384615
4 0.53125 0.6225961538461539 0.5913461538461539 0.6225961538461539 0.5913461538461539 0.7451923076923077 0.53125 0.7451923076923077