2 0.19471153846153846 0.1971153846153846 0.28365384615384615 0.1971153846153846 0.28365384615384615 0.40625 0.19471153846153846 0.40625
12 0.5504807692307693 0.2644230769230769 0.6177884615384616 0.2644230769230769 0.6177884615384616 0.40625 0.5504807692307693 0.40625
9 0.6346153846153846 0.3485576923076923 0.7019230769230769 0.3485576923076923 0.7019230769230769 0.5 0.6346153846153846 0.5
7 0.5456730769230769 0.35096153846153844 0.6081730769230769 0.35096153846153844 0.6081730769230769 0.5120192307692307 0.5456730769230769 0.5120192307692307
11 0.6346153846153846 0.04326923076923077 0.7067307692307693 0.04326923076923077 0.7067307692307693 0.22596153846153846 0.6346153846153846 0.22596153846153846
8 0.8149038461538461 0.18509615384615385 0.9014423076923077 0.18509615384615385 0.9014423076923077 0.40625 0.8149038461538461 0.40625
10 0.7163461538461539 0.10336538461538461 0.7764423076923077 0.10336538461538461 0.7764423076923077 0.21394230769230768 0.7163461538461539 0.21394230769230768
10 0.7355769230769231 0.27403846153846156 0.7932692307692307 0.27403846153846156 0.7932692307692307 0.3918269230769231 0.7355769230769231 0.3918269230769231
10 0.6394230769230769 0.5 0.6995192307692307 0.5 0.6995192307692307 0.625 0.6394230769230769 0.625
6 0.7139423076923077 0 0.78125 0 0.78125 0.12980769230769232 0.7139423076923077 0.12980769230769232
4 0.39663461538461536 0.28365384615384615 0.4519230769230769 0.28365384615384615 0.4519230769230769 0.40625 0.39663461538461536 0.40625
4 0.5600961538461539 0.4879807692307692 0.6225961538461539 0.4879807692307692 0.6225961538461539 0.6009615384615384 0.5600961538461539 0.6009615384615384
4 0.4423076923076923 0.6105769230769231 0.5072115384615384 0.6105769230769231 0.5072115384615384 0.7331730769230769 0.4423076923076923 0.7331730769230769