2 0.18269230769230768 0.17307692307692307 0.27403846153846156 0.17307692307692307 0.27403846153846156 0.3894230769230769 0.18269230769230768 0.3894230769230769
12 0.5504807692307693 0.24519230769230768 0.6201923076923077 0.24519230769230768 0.6201923076923077 0.3894230769230769 0.5504807692307693 0.3894230769230769
9 0.6346153846153846 0.3317307692307692 0.7067307692307693 0.3317307692307692 0.7067307692307693 0.4879807692307692 0.6346153846153846 0.4879807692307692
7 0.5456730769230769 0.33413461538461536 0.6081730769230769 0.33413461538461536 0.6081730769230769 0.5 0.5456730769230769 0.5
11 0.6394230769230769 0.019230769230769232 0.7115384615384616 0.019230769230769232 0.7115384615384616 0.20673076923076922 0.6394230769230769 0.20673076923076922
8 0.8245192307692307 0.1658653846153846 0.9086538461538461 0.1658653846153846 0.9086538461538461 0.3942307692307692 0.8245192307692307 0.3942307692307692
10 0.7211538461538461 0.07932692307692307 0.7836538461538461 0.07932692307692307 0.7836538461538461 0.19230769230769232 0.7211538461538461 0.19230769230769232
10 0.7403846153846154 0.25721153846153844 0.8004807692307693 0.25721153846153844 0.8004807692307693 0.37740384615384615 0.7403846153846154 0.37740384615384615
10 0.6394230769230769 0.49038461538461536 0.7019230769230769 0.49038461538461536 0.7019230769230769 0.6177884615384616 0.6394230769230769 0.6177884615384616
6 0.71875 0 0.7884615384615384 0 0.7884615384615384 0.10576923076923077 0.71875 0.10576923076923077
4 0.3894230769230769 0.2644230769230769 0.44711538461538464 0.2644230769230769 0.44711538461538464 0.3894230769230769 0.3894230769230769 0.3894230769230769
4 0.5600961538461539 0.47596153846153844 0.6225961538461539 0.47596153846153844 0.6225961538461539 0.5913461538461539 0.5600961538461539 0.5913461538461539
4 0.4375 0.6033653846153846 0.5024038461538461 0.6033653846153846 0.5024038461538461 0.7283653846153846 0.4375 0.7283653846153846