5 0.7788461538461539 0.2091346153846154 0.8509615384615384 0.2091346153846154 0.8509615384615384 0.37259615384615385 0.7788461538461539 0.37259615384615385
2 0.78125 0.2692307692307692 0.8581730769230769 0.2692307692307692 0.8581730769230769 0.46634615384615385 0.78125 0.46634615384615385
1 0.7043269230769231 0.5528846153846154 0.7644230769230769 0.5528846153846154 0.7644230769230769 0.6995192307692307 0.7043269230769231 0.6995192307692307
1 0.7572115384615384 0.12980769230769232 0.8100961538461539 0.12980769230769232 0.8100961538461539 0.27163461538461536 0.7572115384615384 0.27163461538461536
12 0.8293269230769231 0.6778846153846154 0.90625 0.6778846153846154 0.90625 0.8245192307692307 0.8293269230769231 0.8245192307692307
12 0.7475961538461539 0.014423076923076924 0.8004807692307693 0.014423076923076924 0.8004807692307693 0.11298076923076923 0.7475961538461539 0.11298076923076923
3 0.4230769230769231 0.31971153846153844 0.4831730769230769 0.31971153846153844 0.4831730769230769 0.4567307692307692 0.4230769230769231 0.4567307692307692
3 0.5889423076923077 0.04326923076923077 0.6418269230769231 0.04326923076923077 0.6418269230769231 0.18269230769230768 0.5889423076923077 0.18269230769230768
4 0.6706730769230769 0.08653846153846154 0.7139423076923077 0.08653846153846154 0.7139423076923077 0.17548076923076922 0.6706730769230769 0.17548076923076922
4 0.6634615384615384 0.01201923076923077 0.7091346153846154 0.01201923076923077 0.7091346153846154 0.09134615384615384 0.6634615384615384 0.09134615384615384
4 0.7091346153846154 0.46153846153846156 0.7596153846153846 0.46153846153846156 0.7596153846153846 0.5673076923076923 0.7091346153846154 0.5673076923076923
4 0.6995192307692307 0.3485576923076923 0.75 0.3485576923076923 0.75 0.4543269230769231 0.6995192307692307 0.4543269230769231
4 0.6802884615384616 0.16105769230769232 0.7259615384615384 0.16105769230769232 0.7259615384615384 0.2668269230769231 0.6802884615384616 0.2668269230769231
4 0.5120192307692307 0.23557692307692307 0.5552884615384616 0.23557692307692307 0.5552884615384616 0.34615384615384615 0.5120192307692307 0.34615384615384615
4 0.6081730769230769 0.5673076923076923 0.6610576923076923 0.5673076923076923 0.6610576923076923 0.6826923076923077 0.6081730769230769 0.6826923076923077
4 0.6346153846153846 0.6947115384615384 0.6923076923076923 0.6947115384615384 0.6923076923076923 0.8173076923076923 0.6346153846153846 0.8173076923076923
12 0.18028846153846154 0.002403846153846154 0.23798076923076922 0.002403846153846154 0.23798076923076922 0.08173076923076923 0.18028846153846154 0.08173076923076923
12 0.21634615384615385 0.6802884615384616 0.2860576923076923 0.6802884615384616 0.2860576923076923 0.8221153846153846 0.21634615384615385 0.8221153846153846
8 0.12980769230769232 0.24519230769230768 0.21153846153846154 0.24519230769230768 0.21153846153846154 0.4543269230769231 0.12980769230769232 0.4543269230769231
11 0.1466346153846154 0.17307692307692307 0.22596153846153846 0.17307692307692307 0.22596153846153846 0.3485576923076923 0.1466346153846154 0.3485576923076923
7 0.12259615384615384 0.40865384615384615 0.18990384615384615 0.40865384615384615 0.18990384615384615 0.5552884615384616 0.12259615384615384 0.5552884615384616
7 0.3485576923076923 0.007211538461538462 0.40384615384615385 0.007211538461538462 0.40384615384615385 0.0889423076923077 0.3485576923076923 0.0889423076923077
9 0.34615384615384615 0.10817307692307693 0.40625 0.10817307692307693 0.40625 0.25 0.34615384615384615 0.25
9 0.125 0.5264423076923077 0.20192307692307693 0.5264423076923077 0.20192307692307693 0.6754807692307693 0.125 0.6754807692307693
10 0.42788461538461536 0.6923076923076923 0.4855769230769231 0.6923076923076923 0.4855769230769231 0.8052884615384616 0.42788461538461536 0.8052884615384616
10 0.24278846153846154 0.4543269230769231 0.2932692307692308 0.4543269230769231 0.2932692307692308 0.5600961538461539 0.24278846153846154 0.5600961538461539
10 0.23317307692307693 0.5600961538461539 0.2932692307692308 0.5600961538461539 0.2932692307692308 0.6730769230769231 0.23317307692307693 0.6730769230769231
10 0.2548076923076923 0.34615384615384615 0.30528846153846156 0.34615384615384615 0.30528846153846156 0.4567307692307692 0.2548076923076923 0.4567307692307692
10 0.42788461538461536 0.23798076923076922 0.4735576923076923 0.23798076923076922 0.4735576923076923 0.34134615384615385 0.42788461538461536 0.34134615384615385
10 0.4206730769230769 0.07211538461538461 0.46875 0.07211538461538461 0.46875 0.17307692307692307 0.4206730769230769 0.17307692307692307
10 0.2644230769230769 0.14903846153846154 0.31009615384615385 0.14903846153846154 0.31009615384615385 0.25721153846153844 0.2644230769230769 0.25721153846153844
10 0.2692307692307692 0.004807692307692308 0.3173076923076923 0.004807692307692308 0.3173076923076923 0.08653846153846154 0.2692307692307692 0.08653846153846154