5 0.15384615384615385 0.1971153846153846 0.2283653846153846 0.1971153846153846 0.2283653846153846 0.3581730769230769 0.15384615384615385 0.3581730769230769
2 0.14903846153846154 0.2548076923076923 0.22596153846153846 0.2548076923076923 0.22596153846153846 0.4519230769230769 0.14903846153846154 0.4519230769230769
1 0.24519230769230768 0.5408653846153846 0.30288461538461536 0.5408653846153846 0.30288461538461536 0.6850961538461539 0.24519230769230768 0.6850961538461539
1 0.19471153846153846 0.11778846153846154 0.25 0.11778846153846154 0.25 0.25961538461538464 0.19471153846153846 0.25961538461538464
12 0.10336538461538461 0.6634615384615384 0.18028846153846154 0.6634615384615384 0.18028846153846154 0.8076923076923077 0.10336538461538461 0.8076923076923077
12 0.20192307692307693 0 0.25961538461538464 0 0.25961538461538464 0.10096153846153846 0.20192307692307693 0.10096153846153846
3 0.5216346153846154 0.3125 0.5817307692307693 0.3125 0.5817307692307693 0.4495192307692308 0.5216346153846154 0.4495192307692308
3 0.3629807692307692 0.036057692307692304 0.41346153846153844 0.036057692307692304 0.41346153846153844 0.17307692307692307 0.3629807692307692 0.17307692307692307
4 0.29086538461538464 0.07692307692307693 0.3317307692307692 0.07692307692307693 0.3317307692307692 0.16346153846153846 0.29086538461538464 0.16346153846153846
4 0.2932692307692308 0 0.34375 0 0.34375 0.08173076923076923 0.2932692307692308 0.08173076923076923
4 0.24759615384615385 0.4495192307692308 0.2980769230769231 0.4495192307692308 0.2980769230769231 0.5528846153846154 0.24759615384615385 0.5528846153846154
4 0.25721153846153844 0.33653846153846156 0.3076923076923077 0.33653846153846156 0.3076923076923077 0.4423076923076923 0.25721153846153844 0.4423076923076923
4 0.28125 0.15144230769230768 0.3269230769230769 0.15144230769230768 0.3269230769230769 0.25721153846153844 0.28125 0.25721153846153844
4 0.4495192307692308 0.2283653846153846 0.49038461538461536 0.2283653846153846 0.49038461538461536 0.33653846153846156 0.4495192307692308 0.33653846153846156
4 0.34615384615384615 0.5576923076923077 0.39903846153846156 0.5576923076923077 0.39903846153846156 0.6706730769230769 0.34615384615384615 0.6706730769230769
4 0.31490384615384615 0.6826923076923077 0.37259615384615385 0.6826923076923077 0.37259615384615385 0.8004807692307693 0.31490384615384615 0.8004807692307693
12 0.7620192307692307 0 0.8197115384615384 0 0.8197115384615384 0.07932692307692307 0.7620192307692307 0.07932692307692307
12 0.71875 0.6754807692307693 0.7908653846153846 0.6754807692307693 0.7908653846153846 0.8149038461538461 0.71875 0.8149038461538461
8 0.7932692307692307 0.24519230769230768 0.8725961538461539 0.24519230769230768 0.8725961538461539 0.4495192307692308 0.7932692307692307 0.4495192307692308
11 0.7764423076923077 0.17067307692307693 0.8557692307692307 0.17067307692307693 0.8557692307692307 0.34615384615384615 0.7764423076923077 0.34615384615384615
7 0.8125 0.40625 0.8822115384615384 0.40625 0.8822115384615384 0.5528846153846154 0.8125 0.5528846153846154
7 0.6009615384615384 0 0.65625 0 0.65625 0.08173076923076923 0.6009615384615384 0.08173076923076923
9 0.5985576923076923 0.10336538461538461 0.6586538461538461 0.10336538461538461 0.6586538461538461 0.24278846153846154 0.5985576923076923 0.24278846153846154
9 0.8028846153846154 0.5240384615384616 0.8798076923076923 0.5240384615384616 0.8798076923076923 0.6682692307692307 0.8028846153846154 0.6682692307692307
10 0.5192307692307693 0.6826923076923077 0.5793269230769231 0.6826923076923077 0.5793269230769231 0.7956730769230769 0.5192307692307693 0.7956730769230769
10 0.7139423076923077 0.4495192307692308 0.7644230769230769 0.4495192307692308 0.7644230769230769 0.5528846153846154 0.7139423076923077 0.5528846153846154
10 0.7115384615384616 0.5552884615384616 0.7716346153846154 0.5552884615384616 0.7716346153846154 0.6658653846153846 0.7115384615384616 0.6658653846153846
10 0.6995192307692307 0.34375 0.75 0.34375 0.75 0.4519230769230769 0.6995192307692307 0.4519230769230769
10 0.5288461538461539 0.23317307692307693 0.5769230769230769 0.23317307692307693 0.5769230769230769 0.33413461538461536 0.5288461538461539 0.33413461538461536
10 0.5336538461538461 0.0673076923076923 0.5817307692307693 0.0673076923076923 0.5817307692307693 0.1658653846153846 0.5336538461538461 0.1658653846153846
10 0.6923076923076923 0.14423076923076922 0.7379807692307693 0.14423076923076922 0.7379807692307693 0.25240384615384615 0.6923076923076923 0.25240384615384615
10 0.6850961538461539 0 0.7331730769230769 0 0.7331730769230769 0.08413461538461539 0.6850961538461539 0.08413461538461539