8 0.7932692307692307 0.32211538461538464 0.8774038461538461 0.32211538461538464 0.8774038461538461 0.5336538461538461 0.7932692307692307 0.5336538461538461
12 0.7764423076923077 0.036057692307692304 0.8413461538461539 0.036057692307692304 0.8413461538461539 0.16826923076923078 0.7764423076923077 0.16826923076923078
7 0.7860576923076923 0.08653846153846154 0.8509615384615384 0.08653846153846154 0.8509615384615384 0.2403846153846154 0.7860576923076923 0.2403846153846154
7 0.8052884615384616 0.6201923076923077 0.8870192307692307 0.6201923076923077 0.8870192307692307 0.7692307692307693 0.8052884615384616 0.7692307692307693
9 0.7956730769230769 0.5 0.8629807692307693 0.5 0.8629807692307693 0.6442307692307693 0.7956730769230769 0.6442307692307693
9 0.6153846153846154 0.27403846153846156 0.6730769230769231 0.27403846153846156 0.6730769230769231 0.4110576923076923 0.6153846153846154 0.4110576923076923
11 0.6201923076923077 0.06971153846153846 0.6923076923076923 0.06971153846153846 0.6923076923076923 0.25 0.6201923076923077 0.25
10 0.5576923076923077 0.038461538461538464 0.6129807692307693 0.038461538461538464 0.6129807692307693 0.15144230769230768 0.5576923076923077 0.15144230769230768
10 0.5504807692307693 0.20673076923076922 0.6057692307692307 0.20673076923076922 0.6057692307692307 0.31490384615384615 0.5504807692307693 0.31490384615384615
10 0.7019230769230769 0.12259615384615384 0.7524038461538461 0.12259615384615384 0.7524038461538461 0.23557692307692307 0.7019230769230769 0.23557692307692307
10 0.7067307692307693 0.3004807692307692 0.7620192307692307 0.3004807692307692 0.7620192307692307 0.41346153846153844 0.7067307692307693 0.41346153846153844
10 0.7019230769230769 0.40384615384615385 0.7644230769230769 0.40384615384615385 0.7644230769230769 0.5168269230769231 0.7019230769230769 0.5168269230769231
10 0.7067307692307693 0.6346153846153846 0.7740384615384616 0.6346153846153846 0.7740384615384616 0.7524038461538461 0.7067307692307693 0.7524038461538461
5 0.4326923076923077 0.3389423076923077 0.5024038461538461 0.3389423076923077 0.5024038461538461 0.53125 0.4326923076923077 0.53125
1 0.59375 0.4879807692307692 0.6610576923076923 0.4879807692307692 0.6610576923076923 0.6418269230769231 0.59375 0.6418269230769231
3 0.3581730769230769 0.27403846153846156 0.4254807692307692 0.27403846153846156 0.4254807692307692 0.4230769230769231 0.3581730769230769 0.4230769230769231
3 0.30288461538461536 0.5865384615384616 0.375 0.5865384615384616 0.375 0.7572115384615384 0.30288461538461536 0.7572115384615384
2 0.16826923076923078 0.19951923076923078 0.2548076923076923 0.19951923076923078 0.2548076923076923 0.40384615384615385 0.16826923076923078 0.40384615384615385
1 0.31490384615384615 0.019230769230769232 0.37259615384615385 0.019230769230769232 0.37259615384615385 0.16105769230769232 0.31490384615384615 0.16105769230769232
6 0.2283653846153846 0.02403846153846154 0.29086538461538464 0.02403846153846154 0.29086538461538464 0.15384615384615385 0.2283653846153846 0.15384615384615385
6 0.13221153846153846 0.47836538461538464 0.20673076923076922 0.47836538461538464 0.20673076923076922 0.6274038461538461 0.13221153846153846 0.6274038461538461
4 0.19471153846153846 0.7451923076923077 0.2620192307692308 0.7451923076923077 0.2620192307692308 0.8629807692307693 0.19471153846153846 0.8629807692307693
4 0.27403846153846156 0.3004807692307692 0.3293269230769231 0.3004807692307692 0.3293269230769231 0.40865384615384615 0.27403846153846156 0.40865384615384615
4 0.3894230769230769 0.12740384615384615 0.4423076923076923 0.12740384615384615 0.4423076923076923 0.2403846153846154 0.3894230769230769 0.2403846153846154
4 0.4519230769230769 0.21875 0.5024038461538461 0.21875 0.5024038461538461 0.3293269230769231 0.4519230769230769 0.3293269230769231
4 0.34615384615384615 0.49278846153846156 0.40384615384615385 0.49278846153846156 0.40384615384615385 0.6129807692307693 0.34615384615384615 0.6129807692307693
4 0.40865384615384615 0.6274038461538461 0.46634615384615385 0.6274038461538461 0.46634615384615385 0.7524038461538461 0.40865384615384615 0.7524038461538461