8 0.8052884615384616 0.28846153846153844 0.8822115384615384 0.28846153846153844 0.8822115384615384 0.49278846153846156 0.8052884615384616 0.49278846153846156
12 0.7764423076923077 0.01201923076923077 0.8341346153846154 0.01201923076923077 0.8341346153846154 0.13942307692307693 0.7764423076923077 0.13942307692307693
7 0.7836538461538461 0.06009615384615385 0.8461538461538461 0.06009615384615385 0.8461538461538461 0.21153846153846154 0.7836538461538461 0.21153846153846154
7 0.8269230769230769 0.5793269230769231 0.9038461538461539 0.5793269230769231 0.9038461538461539 0.7235576923076923 0.8269230769230769 0.7235576923076923
9 0.8125 0.46153846153846156 0.875 0.46153846153846156 0.875 0.6009615384615384 0.8125 0.6009615384615384
9 0.6274038461538461 0.25 0.6826923076923077 0.25 0.6826923076923077 0.38461538461538464 0.6274038461538461 0.38461538461538464
11 0.625 0.04807692307692308 0.6923076923076923 0.04807692307692308 0.6923076923076923 0.22355769230769232 0.625 0.22355769230769232
10 0.5625 0.021634615384615384 0.6129807692307693 0.021634615384615384 0.6129807692307693 0.13221153846153846 0.5625 0.13221153846153846
10 0.5600961538461539 0.18509615384615385 0.6129807692307693 0.18509615384615385 0.6129807692307693 0.29086538461538464 0.5600961538461539 0.29086538461538464
10 0.7043269230769231 0.0985576923076923 0.7548076923076923 0.0985576923076923 0.7548076923076923 0.20673076923076922 0.7043269230769231 0.20673076923076922
10 0.7163461538461539 0.27163461538461536 0.7692307692307693 0.27163461538461536 0.7692307692307693 0.3798076923076923 0.7163461538461539 0.3798076923076923
10 0.7139423076923077 0.37259615384615385 0.7740384615384616 0.37259615384615385 0.7740384615384616 0.4831730769230769 0.7139423076923077 0.4831730769230769
10 0.7283653846153846 0.59375 0.7932692307692307 0.59375 0.7932692307692307 0.7115384615384616 0.7283653846153846 0.7115384615384616
5 0.4543269230769231 0.31971153846153844 0.5168269230769231 0.31971153846153844 0.5168269230769231 0.5048076923076923 0.4543269230769231 0.5048076923076923
1 0.6177884615384616 0.4567307692307692 0.6802884615384616 0.4567307692307692 0.6802884615384616 0.6057692307692307 0.6177884615384616 0.6057692307692307
3 0.3798076923076923 0.25721153846153844 0.43990384615384615 0.25721153846153844 0.43990384615384615 0.4014423076923077 0.3798076923076923 0.4014423076923077
3 0.33653846153846156 0.5625 0.40384615384615385 0.5625 0.40384615384615385 0.7283653846153846 0.33653846153846156 0.7283653846153846
2 0.18990384615384615 0.19230769230769232 0.27163461538461536 0.19230769230769232 0.27163461538461536 0.3894230769230769 0.18990384615384615 0.3894230769230769
1 0.32211538461538464 0.009615384615384616 0.37740384615384615 0.009615384615384616 0.37740384615384615 0.14903846153846154 0.32211538461538464 0.14903846153846154
6 0.2403846153846154 0.019230769230769232 0.2980769230769231 0.019230769230769232 0.2980769230769231 0.1466346153846154 0.2403846153846154 0.1466346153846154
6 0.1658653846153846 0.4639423076923077 0.23557692307692307 0.4639423076923077 0.23557692307692307 0.6081730769230769 0.1658653846153846 0.6081730769230769
4 0.23798076923076922 0.7235576923076923 0.2980769230769231 0.7235576923076923 0.2980769230769231 0.8365384615384616 0.23798076923076922 0.8365384615384616
4 0.2932692307692308 0.2860576923076923 0.34615384615384615 0.2860576923076923 0.34615384615384615 0.3918269230769231 0.2932692307692308 0.3918269230769231
4 0.39903846153846156 0.11298076923076923 0.4495192307692308 0.11298076923076923 0.4495192307692308 0.22596153846153846 0.39903846153846156 0.22596153846153846
4 0.46634615384615385 0.19951923076923078 0.5144230769230769 0.19951923076923078 0.5144230769230769 0.3076923076923077 0.46634615384615385 0.3076923076923077
4 0.37259615384615385 0.47115384615384615 0.4254807692307692 0.47115384615384615 0.4254807692307692 0.5865384615384616 0.37259615384615385 0.5865384615384616
4 0.43990384615384615 0.6009615384615384 0.4951923076923077 0.6009615384615384 0.4951923076923077 0.7211538461538461 0.43990384615384615 0.7211538461538461