6 0.7908653846153846 0.7644230769230769 0.875 0.7644230769230769 0.875 0.9086538461538461 0.7908653846153846 0.9086538461538461
6 0.6995192307692307 0.016826923076923076 0.7596153846153846 0.016826923076923076 0.7596153846153846 0.13701923076923078 0.6995192307692307 0.13701923076923078
5 0.6538461538461539 0.34134615384615385 0.7259615384615384 0.34134615384615385 0.7259615384615384 0.5264423076923077 0.6538461538461539 0.5264423076923077
2 0.71875 0.20673076923076922 0.8100961538461539 0.20673076923076922 0.8100961538461539 0.41586538461538464 0.71875 0.41586538461538464
3 0.7644230769230769 0.5048076923076923 0.84375 0.5048076923076923 0.84375 0.6490384615384616 0.7644230769230769 0.6490384615384616
3 0.5504807692307693 0.28125 0.6177884615384616 0.28125 0.6177884615384616 0.42788461538461536 0.5504807692307693 0.42788461538461536
1 0.7043269230769231 0.08413461538461539 0.7668269230769231 0.08413461538461539 0.7668269230769231 0.23076923076923078 0.7043269230769231 0.23076923076923078
1 0.4639423076923077 0.2668269230769231 0.5192307692307693 0.2668269230769231 0.5192307692307693 0.41586538461538464 0.4639423076923077 0.41586538461538464
4 0.6850961538461539 0.7764423076923077 0.75 0.7764423076923077 0.75 0.8990384615384616 0.6850961538461539 0.8990384615384616
4 0.6418269230769231 0.3004807692307692 0.6923076923076923 0.3004807692307692 0.6923076923076923 0.41346153846153844 0.6418269230769231 0.41346153846153844
4 0.53125 0.11778846153846154 0.5817307692307693 0.11778846153846154 0.5817307692307693 0.23557692307692307 0.53125 0.23557692307692307
4 0.45913461538461536 0.02403846153846154 0.5096153846153846 0.02403846153846154 0.5096153846153846 0.1346153846153846 0.45913461538461536 0.1346153846153846
4 0.46153846153846156 0.21153846153846154 0.5096153846153846 0.21153846153846154 0.5096153846153846 0.3245192307692308 0.46153846153846156 0.3245192307692308
4 0.47596153846153844 0.4110576923076923 0.5264423076923077 0.4110576923076923 0.5264423076923077 0.5240384615384616 0.47596153846153844 0.5240384615384616
4 0.5432692307692307 0.5144230769230769 0.5961538461538461 0.5144230769230769 0.5961538461538461 0.6346153846153846 0.5432692307692307 0.6346153846153846
4 0.47596153846153844 0.6418269230769231 0.5360576923076923 0.6418269230769231 0.5360576923076923 0.7716346153846154 0.47596153846153844 0.7716346153846154
8 0.0625 0.31009615384615385 0.14903846153846154 0.31009615384615385 0.14903846153846154 0.5192307692307693 0.0625 0.5192307692307693
9 0.27884615384615385 0.2644230769230769 0.34375 0.2644230769230769 0.34375 0.41346153846153844 0.27884615384615385 0.41346153846153844
9 0.06009615384615385 0.4951923076923077 0.13701923076923078 0.4951923076923077 0.13701923076923078 0.6394230769230769 0.06009615384615385 0.6394230769230769
12 0.25240384615384615 0.7451923076923077 0.3293269230769231 0.7451923076923077 0.3293269230769231 0.8990384615384616 0.25240384615384615 0.8990384615384616
12 0.125 0.009615384615384616 0.18269230769230768 0.009615384615384616 0.18269230769230768 0.14182692307692307 0.125 0.14182692307692307
7 0.10576923076923077 0.06490384615384616 0.16826923076923078 0.06490384615384616 0.16826923076923078 0.21875 0.10576923076923077 0.21875
7 0.040865384615384616 0.6201923076923077 0.11057692307692307 0.6201923076923077 0.11057692307692307 0.7716346153846154 0.040865384615384616 0.7716346153846154
11 0.19230769230769232 0.12740384615384615 0.2692307692307692 0.12740384615384615 0.2692307692307692 0.3076923076923077 0.19230769230769232 0.3076923076923077
10 0.20673076923076922 0.10336538461538461 0.2548076923076923 0.10336538461538461 0.2548076923076923 0.21634615384615385 0.20673076923076922 0.21634615384615385
10 0.1875 0.28846153846153844 0.23798076923076922 0.28846153846153844 0.23798076923076922 0.39903846153846156 0.1875 0.39903846153846156
10 0.3605769230769231 0.016826923076923076 0.4110576923076923 0.016826923076923076 0.4110576923076923 0.12980769230769232 0.3605769230769231 0.12980769230769232
10 0.3557692307692308 0.18990384615384615 0.40865384615384615 0.18990384615384615 0.40865384615384615 0.3076923076923077 0.3557692307692308 0.3076923076923077
10 0.18028846153846154 0.39663461538461536 0.23557692307692307 0.39663461538461536 0.23557692307692307 0.5096153846153846 0.18028846153846154 0.5096153846153846
10 0.15625 0.6418269230769231 0.21875 0.6418269230769231 0.21875 0.7620192307692307 0.15625 0.7620192307692307
10 0.36778846153846156 0.7716346153846154 0.43028846153846156 0.7716346153846154 0.43028846153846156 0.8966346153846154 0.36778846153846156 0.8966346153846154
10 0.3581730769230769 0.5264423076923077 0.41586538461538464 0.5264423076923077 0.41586538461538464 0.6466346153846154 0.3581730769230769 0.6466346153846154