6 0.8293269230769231 0.7572115384615384 0.90625 0.7572115384615384 0.90625 0.8966346153846154 0.8293269230769231 0.8966346153846154
6 0.7043269230769231 0.036057692307692304 0.7620192307692307 0.036057692307692304 0.7620192307692307 0.14903846153846154 0.7043269230769231 0.14903846153846154
5 0.6754807692307693 0.3485576923076923 0.7451923076923077 0.3485576923076923 0.7451923076923077 0.5264423076923077 0.6754807692307693 0.5264423076923077
2 0.7355769230769231 0.21875 0.8197115384615384 0.21875 0.8197115384615384 0.4206730769230769 0.7355769230769231 0.4206730769230769
3 0.7884615384615384 0.5072115384615384 0.8653846153846154 0.5072115384615384 0.8653846153846154 0.6442307692307693 0.7884615384615384 0.6442307692307693
3 0.5745192307692307 0.2932692307692308 0.6370192307692307 0.2932692307692308 0.6370192307692307 0.4326923076923077 0.5745192307692307 0.4326923076923077
1 0.7139423076923077 0.10096153846153846 0.7740384615384616 0.10096153846153846 0.7740384615384616 0.24278846153846154 0.7139423076923077 0.24278846153846154
1 0.4879807692307692 0.27884615384615385 0.5408653846153846 0.27884615384615385 0.5408653846153846 0.4230769230769231 0.4879807692307692 0.4230769230769231
4 0.7235576923076923 0.7692307692307693 0.7884615384615384 0.7692307692307693 0.7884615384615384 0.8870192307692307 0.7235576923076923 0.8870192307692307
4 0.6610576923076923 0.3125 0.7091346153846154 0.3125 0.7091346153846154 0.4206730769230769 0.6610576923076923 0.4206730769230769
4 0.5456730769230769 0.1346153846153846 0.59375 0.1346153846153846 0.59375 0.24759615384615385 0.5456730769230769 0.24759615384615385
4 0.4735576923076923 0.04567307692307692 0.5192307692307693 0.04567307692307692 0.5192307692307693 0.15144230769230768 0.4735576923076923 0.15144230769230768
4 0.4831730769230769 0.22596153846153846 0.5288461538461539 0.22596153846153846 0.5288461538461539 0.33413461538461536 0.4831730769230769 0.33413461538461536
4 0.5048076923076923 0.41586538461538464 0.5552884615384616 0.41586538461538464 0.5552884615384616 0.5264423076923077 0.5048076923076923 0.5264423076923077
4 0.5769230769230769 0.5168269230769231 0.6274038461538461 0.5168269230769231 0.6274038461538461 0.6322115384615384 0.5769230769230769 0.6322115384615384
4 0.5192307692307693 0.6394230769230769 0.5745192307692307 0.6394230769230769 0.5745192307692307 0.7644230769230769 0.5192307692307693 0.7644230769230769
8 0.10576923076923077 0.32211538461538464 0.18509615384615385 0.32211538461538464 0.18509615384615385 0.5240384615384616 0.10576923076923077 0.5240384615384616
9 0.3076923076923077 0.27884615384615385 0.37259615384615385 0.27884615384615385 0.37259615384615385 0.4206730769230769 0.3076923076923077 0.4206730769230769
9 0.10817307692307693 0.5024038461538461 0.18028846153846154 0.5024038461538461 0.18028846153846154 0.6418269230769231 0.10817307692307693 0.6418269230769231
12 0.3076923076923077 0.7427884615384616 0.3798076923076923 0.7427884615384616 0.3798076923076923 0.8894230769230769 0.3076923076923077 0.8894230769230769
12 0.14903846153846154 0.03365384615384615 0.20192307692307693 0.03365384615384615 0.20192307692307693 0.15865384615384615 0.14903846153846154 0.15865384615384615
7 0.1346153846153846 0.08653846153846154 0.19230769230769232 0.08653846153846154 0.19230769230769232 0.23557692307692307 0.1346153846153846 0.23557692307692307
7 0.09615384615384616 0.6201923076923077 0.16346153846153846 0.6201923076923077 0.16346153846153846 0.7692307692307693 0.09615384615384616 0.7692307692307693
11 0.22115384615384615 0.1466346153846154 0.2932692307692308 0.1466346153846154 0.2932692307692308 0.31971153846153844 0.22115384615384615 0.31971153846153844
10 0.23317307692307693 0.12259615384615384 0.2764423076923077 0.12259615384615384 0.2764423076923077 0.23317307692307693 0.23317307692307693 0.23317307692307693
10 0.22115384615384615 0.3004807692307692 0.2692307692307692 0.3004807692307692 0.2692307692307692 0.40865384615384615 0.22115384615384615 0.40865384615384615
10 0.375 0.038461538461538464 0.4230769230769231 0.038461538461538464 0.4230769230769231 0.1466346153846154 0.375 0.1466346153846154
10 0.3798076923076923 0.20432692307692307 0.43028846153846156 0.20432692307692307 0.43028846153846156 0.3173076923076923 0.3798076923076923 0.3173076923076923
10 0.21875 0.40625 0.27163461538461536 0.40625 0.27163461538461536 0.5144230769230769 0.21875 0.5144230769230769
10 0.2091346153846154 0.6418269230769231 0.2644230769230769 0.6418269230769231 0.2644230769230769 0.7572115384615384 0.2091346153846154 0.7572115384615384
10 0.4182692307692308 0.7668269230769231 0.47836538461538464 0.7668269230769231 0.47836538461538464 0.8870192307692307 0.4182692307692308 0.8870192307692307
10 0.39903846153846156 0.53125 0.4519230769230769 0.53125 0.4519230769230769 0.6466346153846154 0.39903846153846156 0.6466346153846154