3 0.375 0.052884615384615384 0.4326923076923077 0.052884615384615384 0.4326923076923077 0.18509615384615385 0.375 0.18509615384615385
3 0.53125 0.31490384615384615 0.5889423076923077 0.31490384615384615 0.5889423076923077 0.46153846153846156 0.53125 0.46153846153846156
1 0.25 0.5504807692307693 0.3173076923076923 0.5504807692307693 0.3173076923076923 0.6899038461538461 0.25 0.6899038461538461
1 0.19951923076923078 0.13701923076923078 0.25721153846153844 0.13701923076923078 0.25721153846153844 0.27884615384615385 0.19951923076923078 0.27884615384615385
2 0.15625 0.25961538461538464 0.23798076923076922 0.25961538461538464 0.23798076923076922 0.46875 0.15625 0.46875
6 0.11298076923076923 0.6658653846153846 0.18990384615384615 0.6658653846153846 0.18990384615384615 0.8173076923076923 0.11298076923076923 0.8173076923076923
6 0.3798076923076923 0.002403846153846154 0.4326923076923077 0.002403846153846154 0.4326923076923077 0.10576923076923077 0.3798076923076923 0.10576923076923077
5 0.36538461538461536 0.1971153846153846 0.4254807692307692 0.1971153846153846 0.4254807692307692 0.37259615384615385 0.36538461538461536 0.37259615384615385
4 0.30288461538461536 0.07932692307692307 0.35096153846153844 0.07932692307692307 0.35096153846153844 0.1778846153846154 0.30288461538461536 0.1778846153846154
4 0.29086538461538464 0.16826923076923078 0.34134615384615385 0.16826923076923078 0.34134615384615385 0.27403846153846156 0.29086538461538464 0.27403846153846156
4 0.25721153846153844 0.4567307692307692 0.3125 0.4567307692307692 0.3125 0.5600961538461539 0.25721153846153844 0.5600961538461539
4 0.2692307692307692 0.34615384615384615 0.3173076923076923 0.34615384615384615 0.3173076923076923 0.4519230769230769 0.2692307692307692 0.4519230769230769
4 0.35336538461538464 0.5649038461538461 0.40865384615384615 0.5649038461538461 0.40865384615384615 0.6826923076923077 0.35336538461538464 0.6826923076923077
4 0.3269230769230769 0.6947115384615384 0.3798076923076923 0.6947115384615384 0.3798076923076923 0.8125 0.3269230769230769 0.8125
4 0.4519230769230769 0.002403846153846154 0.5 0.002403846153846154 0.5 0.10096153846153846 0.4519230769230769 0.10096153846153846
4 0.45913461538461536 0.24519230769230768 0.5048076923076923 0.24519230769230768 0.5048076923076923 0.34615384615384615 0.45913461538461536 0.34615384615384615
7 0.6129807692307693 0.004807692307692308 0.6682692307692307 0.004807692307692308 0.6682692307692307 0.09375 0.6129807692307693 0.09375
8 0.8028846153846154 0.2620192307692308 0.8798076923076923 0.2620192307692308 0.8798076923076923 0.46634615384615385 0.8028846153846154 0.46634615384615385
7 0.8269230769230769 0.4206730769230769 0.8918269230769231 0.4206730769230769 0.8918269230769231 0.5600961538461539 0.8269230769230769 0.5600961538461539
11 0.7860576923076923 0.18269230769230768 0.8629807692307693 0.18269230769230768 0.8629807692307693 0.36538461538461536 0.7860576923076923 0.36538461538461536
12 0.7235576923076923 0.6826923076923077 0.7956730769230769 0.6826923076923077 0.7956730769230769 0.8293269230769231 0.7235576923076923 0.8293269230769231
12 0.7692307692307693 0.004807692307692308 0.8293269230769231 0.004807692307692308 0.8293269230769231 0.0985576923076923 0.7692307692307693 0.0985576923076923
9 0.8149038461538461 0.5288461538461539 0.8894230769230769 0.5288461538461539 0.8894230769230769 0.6802884615384616 0.8149038461538461 0.6802884615384616
9 0.6153846153846154 0.1201923076923077 0.6682692307692307 0.1201923076923077 0.6682692307692307 0.2548076923076923 0.6153846153846154 0.2548076923076923
10 0.5408653846153846 0.24278846153846154 0.5913461538461539 0.24278846153846154 0.5913461538461539 0.35096153846153844 0.5408653846153846 0.35096153846153844
10 0.5456730769230769 0.07211538461538461 0.5985576923076923 0.07211538461538461 0.5985576923076923 0.18269230769230768 0.5456730769230769 0.18269230769230768
10 0.6971153846153846 0.004807692307692308 0.7427884615384616 0.004807692307692308 0.7427884615384616 0.0985576923076923 0.6971153846153846 0.0985576923076923
10 0.7019230769230769 0.15865384615384615 0.75 0.15865384615384615 0.75 0.2668269230769231 0.7019230769230769 0.2668269230769231
10 0.7091346153846154 0.3557692307692308 0.7644230769230769 0.3557692307692308 0.7644230769230769 0.45913461538461536 0.7091346153846154 0.45913461538461536
10 0.71875 0.46634615384615385 0.7740384615384616 0.46634615384615385 0.7740384615384616 0.5673076923076923 0.71875 0.5673076923076923
10 0.7211538461538461 0.5673076923076923 0.7788461538461539 0.5673076923076923 0.7788461538461539 0.6778846153846154 0.7211538461538461 0.6778846153846154
10 0.53125 0.6899038461538461 0.5889423076923077 0.6899038461538461 0.5889423076923077 0.7980769230769231 0.53125 0.7980769230769231