12 0.16105769230769232 0.021634615384615384 0.23076923076923078 0.021634615384615384 0.23076923076923078 0.15144230769230768 0.16105769230769232 0.15144230769230768
12 0.16105769230769232 0.021634615384615384 0.23076923076923078 0.021634615384615384 0.23076923076923078 0.15144230769230768 0.16105769230769232 0.15144230769230768
8 0.1201923076923077 0.2932692307692308 0.21394230769230768 0.2932692307692308 0.21394230769230768 0.5216346153846154 0.1201923076923077 0.5216346153846154
11 0.3125 0.055288461538461536 0.38221153846153844 0.055288461538461536 0.38221153846153844 0.2403846153846154 0.3125 0.2403846153846154
7 0.15144230769230768 0.07692307692307693 0.21394230769230768 0.07692307692307693 0.21394230769230768 0.22596153846153846 0.15144230769230768 0.22596153846153846
7 0.3269230769230769 0.3557692307692308 0.39663461538461536 0.3557692307692308 0.39663461538461536 0.5072115384615384 0.3269230769230769 0.5072115384615384
9 0.1971153846153846 0.7067307692307693 0.28365384615384615 0.7067307692307693 0.28365384615384615 0.8798076923076923 0.1971153846153846 0.8798076923076923
10 0.24759615384615385 0.10576923076923077 0.2980769230769231 0.10576923076923077 0.2980769230769231 0.2283653846153846 0.24759615384615385 0.2283653846153846
10 0.23317307692307693 0.2860576923076923 0.28846153846153844 0.2860576923076923 0.28846153846153844 0.39663461538461536 0.23317307692307693 0.39663461538461536
10 0.23076923076923078 0.3798076923076923 0.29086538461538464 0.3798076923076923 0.29086538461538464 0.5024038461538461 0.23076923076923078 0.5024038461538461
10 0.3293269230769231 0.5096153846153846 0.3942307692307692 0.5096153846153846 0.3942307692307692 0.6298076923076923 0.3293269230769231 0.6298076923076923
2 0.7331730769230769 0.20192307692307693 0.8221153846153846 0.20192307692307693 0.8221153846153846 0.41586538461538464 0.7331730769230769 0.41586538461538464
3 0.40865384615384615 0.7091346153846154 0.4879807692307692 0.7091346153846154 0.4879807692307692 0.8725961538461539 0.40865384615384615 0.8725961538461539
1 0.5769230769230769 0.09134615384615384 0.6298076923076923 0.09134615384615384 0.6298076923076923 0.23317307692307693 0.5769230769230769 0.23317307692307693
3 0.4110576923076923 0.1778846153846154 0.47596153846153844 0.1778846153846154 0.47596153846153844 0.31971153846153844 0.4110576923076923 0.31971153846153844
6 0.5456730769230769 0.019230769230769232 0.6009615384615384 0.019230769230769232 0.6009615384615384 0.14903846153846154 0.5456730769230769 0.14903846153846154
6 0.4735576923076923 0.09615384615384616 0.5360576923076923 0.09615384615384616 0.5360576923076923 0.23076923076923078 0.4735576923076923 0.23076923076923078
4 0.39663461538461536 0.12740384615384615 0.44471153846153844 0.12740384615384615 0.44471153846153844 0.23798076923076922 0.39663461538461536 0.23798076923076922
4 0.7235576923076923 0.7307692307692307 0.7908653846153846 0.7307692307692307 0.7908653846153846 0.8509615384615384 0.7235576923076923 0.8509615384615384
4 0.6658653846153846 0.2956730769230769 0.71875 0.2956730769230769 0.71875 0.40384615384615385 0.6658653846153846 0.40384615384615385
4 0.5865384615384616 0.49038461538461536 0.6418269230769231 0.49038461538461536 0.6418269230769231 0.6057692307692307 0.5865384615384616 0.6057692307692307
4 0.5216346153846154 0.6129807692307693 0.5817307692307693 0.6129807692307693 0.5817307692307693 0.7307692307692307 0.5216346153846154 0.7307692307692307