8 0.7860576923076923 0.29086538461538464 0.8533653846153846 0.29086538461538464 0.8533653846153846 0.49278846153846156 0.7860576923076923 0.49278846153846156
2 0.14903846153846154 0.27884615384615385 0.22355769230769232 0.27884615384615385 0.22355769230769232 0.47596153846153844 0.14903846153846154 0.47596153846153844
11 0.7716346153846154 0.21153846153846154 0.8389423076923077 0.21153846153846154 0.8389423076923077 0.3894230769230769 0.7716346153846154 0.3894230769230769
5 0.15625 0.21875 0.2283653846153846 0.21875 0.2283653846153846 0.3894230769230769 0.15625 0.3894230769230769
9 0.7908653846153846 0.5649038461538461 0.8629807692307693 0.5649038461538461 0.8629807692307693 0.7067307692307693 0.7908653846153846 0.7067307692307693
3 0.5144230769230769 0.34134615384615385 0.5697115384615384 0.34134615384615385 0.5697115384615384 0.4807692307692308 0.5144230769230769 0.4807692307692308
3 0.36778846153846156 0.0673076923076923 0.4182692307692308 0.0673076923076923 0.4182692307692308 0.20673076923076922 0.36778846153846156 0.20673076923076922
7 0.8028846153846154 0.4519230769230769 0.8629807692307693 0.4519230769230769 0.8629807692307693 0.5913461538461539 0.8028846153846154 0.5913461538461539
9 0.5985576923076923 0.14182692307692307 0.6490384615384616 0.14182692307692307 0.6490384615384616 0.28125 0.5985576923076923 0.28125
12 0.7043269230769231 0.7091346153846154 0.7668269230769231 0.7091346153846154 0.7668269230769231 0.8485576923076923 0.7043269230769231 0.8485576923076923
7 0.7764423076923077 0.15625 0.8269230769230769 0.15625 0.8269230769230769 0.2932692307692308 0.7764423076923077 0.2932692307692308
1 0.20432692307692307 0.14903846153846154 0.25 0.14903846153846154 0.25 0.2860576923076923 0.20432692307692307 0.2860576923076923
1 0.23798076923076922 0.5625 0.2956730769230769 0.5625 0.2956730769230769 0.6995192307692307 0.23798076923076922 0.6995192307692307
1 0.09375 0.6850961538461539 0.16826923076923078 0.6850961538461539 0.16826923076923078 0.8173076923076923 0.09375 0.8173076923076923
1 0.21153846153846154 0.007211538461538462 0.2620192307692308 0.007211538461538462 0.2620192307692308 0.1201923076923077 0.21153846153846154 0.1201923076923077
10 0.5072115384615384 0.7139423076923077 0.5600961538461539 0.7139423076923077 0.5600961538461539 0.8269230769230769 0.5072115384615384 0.8269230769230769
4 0.33413461538461536 0.5817307692307693 0.3870192307692308 0.5817307692307693 0.3870192307692308 0.6923076923076923 0.33413461538461536 0.6923076923076923
4 0.3076923076923077 0.7091346153846154 0.3581730769230769 0.7091346153846154 0.3581730769230769 0.8197115384615384 0.3076923076923077 0.8197115384615384
10 0.6995192307692307 0.49038461538461536 0.7596153846153846 0.49038461538461536 0.7596153846153846 0.5985576923076923 0.6995192307692307 0.5985576923076923
12 0.7620192307692307 0.021634615384615384 0.8125 0.021634615384615384 0.8125 0.125 0.7620192307692307 0.125
10 0.6971153846153846 0.59375 0.7596153846153846 0.59375 0.7596153846153846 0.7019230769230769 0.6971153846153846 0.7019230769230769
10 0.6875 0.38221153846153844 0.7475961538461539 0.38221153846153844 0.7475961538461539 0.4879807692307692 0.6875 0.4879807692307692
10 0.6850961538461539 0.021634615384615384 0.7283653846153846 0.021634615384615384 0.7283653846153846 0.12740384615384615 0.6850961538461539 0.12740384615384615
10 0.6850961538461539 0.18990384615384615 0.7331730769230769 0.18990384615384615 0.7331730769230769 0.2932692307692308 0.6850961538461539 0.2932692307692308
4 0.24278846153846154 0.47115384615384615 0.2956730769230769 0.47115384615384615 0.2956730769230769 0.5745192307692307 0.24278846153846154 0.5745192307692307
4 0.4423076923076923 0.25961538461538464 0.49038461538461536 0.25961538461538464 0.49038461538461536 0.3629807692307692 0.4423076923076923 0.3629807692307692
4 0.28125 0.18269230769230768 0.3245192307692308 0.18269230769230768 0.3245192307692308 0.2860576923076923 0.28125 0.2860576923076923
10 0.5360576923076923 0.10096153846153846 0.5793269230769231 0.10096153846153846 0.5793269230769231 0.20432692307692307 0.5360576923076923 0.20432692307692307
10 0.6923076923076923 0.28125 0.7403846153846154 0.28125 0.7403846153846154 0.38221153846153844 0.6923076923076923 0.38221153846153844
4 0.2932692307692308 0.10336538461538461 0.33653846153846156 0.10336538461538461 0.33653846153846156 0.19951923076923078 0.2932692307692308 0.19951923076923078
4 0.30288461538461536 0.014423076923076924 0.34134615384615385 0.014423076923076924 0.34134615384615385 0.11057692307692307 0.30288461538461536 0.11057692307692307
4 0.25240384615384615 0.3581730769230769 0.30288461538461536 0.3581730769230769 0.30288461538461536 0.46875 0.25240384615384615 0.46875