6 0.09134615384615384 0.6514423076923077 0.17307692307692307 0.6514423076923077 0.17307692307692307 0.8076923076923077 0.09134615384615384 0.8076923076923077
2 0.125 0.38461538461538464 0.22115384615384615 0.38461538461538464 0.22115384615384615 0.5913461538461539 0.125 0.5913461538461539
5 0.3557692307692308 0.20432692307692307 0.4254807692307692 0.20432692307692307 0.4254807692307692 0.37740384615384615 0.3557692307692308 0.37740384615384615
4 0.2860576923076923 0.17067307692307693 0.3389423076923077 0.17067307692307693 0.3389423076923077 0.28125 0.2860576923076923 0.28125
4 0.25721153846153844 0.34615384615384615 0.31490384615384615 0.34615384615384615 0.31490384615384615 0.4543269230769231 0.25721153846153844 0.4543269230769231
4 0.3269230769230769 0.44711538461538464 0.3870192307692308 0.44711538461538464 0.3870192307692308 0.5552884615384616 0.3269230769230769 0.5552884615384616
4 0.4567307692307692 0.009615384615384616 0.4951923076923077 0.009615384615384616 0.4951923076923077 0.10817307692307693 0.4567307692307692 0.10817307692307693
4 0.44471153846153844 0.24759615384615385 0.49759615384615385 0.24759615384615385 0.49759615384615385 0.35096153846153844 0.44471153846153844 0.35096153846153844
3 0.5096153846153846 0.32211538461538464 0.5769230769230769 0.32211538461538464 0.5769230769230769 0.45913461538461536 0.5096153846153846 0.45913461538461536
9 0.4567307692307692 0.0625 0.5144230769230769 0.0625 0.5144230769230769 0.19951923076923078 0.4567307692307692 0.19951923076923078
7 0.5024038461538461 0.5264423076923077 0.5673076923076923 0.5264423076923077 0.5673076923076923 0.6730769230769231 0.5024038461538461 0.6730769230769231
8 0.6802884615384616 0.2668269230769231 0.7620192307692307 0.2668269230769231 0.7620192307692307 0.4639423076923077 0.6802884615384616 0.4639423076923077
11 0.59375 0.1971153846153846 0.6586538461538461 0.1971153846153846 0.6586538461538461 0.3798076923076923 0.59375 0.3798076923076923
9 0.59375 0.41346153846153844 0.6610576923076923 0.41346153846153844 0.6610576923076923 0.5600961538461539 0.59375 0.5600961538461539
12 0.7620192307692307 0 0.8197115384615384 0 0.8197115384615384 0.10576923076923077 0.7620192307692307 0.10576923076923077
10 0.6899038461538461 0.002403846153846154 0.7403846153846154 0.002403846153846154 0.7403846153846154 0.10336538461538461 0.6899038461538461 0.10336538461538461
10 0.6802884615384616 0.16105769230769232 0.7355769230769231 0.16105769230769232 0.7355769230769231 0.2668269230769231 0.6802884615384616 0.2668269230769231
10 0.5264423076923077 0.24759615384615385 0.5745192307692307 0.24759615384615385 0.5745192307692307 0.34615384615384615 0.5264423076923077 0.34615384615384615
10 0.49759615384615385 0.6802884615384616 0.5600961538461539 0.6802884615384616 0.5600961538461539 0.7908653846153846 0.49759615384615385 0.7908653846153846
10 0.6850961538461539 0.5576923076923077 0.7475961538461539 0.5576923076923077 0.7475961538461539 0.6682692307692307 0.6850961538461539 0.6682692307692307
12 0.6778846153846154 0.6730769230769231 0.7620192307692307 0.6730769230769231 0.7620192307692307 0.8125 0.6778846153846154 0.8125