6 0.10096153846153846 0.6514423076923077 0.18269230769230768 0.6514423076923077 0.18269230769230768 0.8125 0.10096153846153846 0.8125
2 0.13221153846153846 0.3798076923076923 0.22596153846153846 0.3798076923076923 0.22596153846153846 0.5889423076923077 0.13221153846153846 0.5889423076923077
5 0.3629807692307692 0.19471153846153846 0.42788461538461536 0.19471153846153846 0.42788461538461536 0.37259615384615385 0.3629807692307692 0.37259615384615385
4 0.29086538461538464 0.16346153846153846 0.34134615384615385 0.16346153846153846 0.34134615384615385 0.2764423076923077 0.29086538461538464 0.2764423076923077
4 0.2620192307692308 0.34134615384615385 0.3173076923076923 0.34134615384615385 0.3173076923076923 0.4519230769230769 0.2620192307692308 0.4519230769230769
4 0.33653846153846156 0.4423076923076923 0.3942307692307692 0.4423076923076923 0.3942307692307692 0.5528846153846154 0.33653846153846156 0.5528846153846154
4 0.4567307692307692 0 0.4951923076923077 0 0.4951923076923077 0.0985576923076923 0.4567307692307692 0.0985576923076923
4 0.4495192307692308 0.23798076923076922 0.5024038461538461 0.23798076923076922 0.5024038461538461 0.34375 0.4495192307692308 0.34375
3 0.5168269230769231 0.31009615384615385 0.5841346153846154 0.31009615384615385 0.5841346153846154 0.4519230769230769 0.5168269230769231 0.4519230769230769
9 0.46153846153846156 0.052884615384615384 0.5168269230769231 0.052884615384615384 0.5168269230769231 0.18990384615384615 0.46153846153846156 0.18990384615384615
7 0.5168269230769231 0.5168269230769231 0.5769230769230769 0.5168269230769231 0.5769230769230769 0.6658653846153846 0.5168269230769231 0.6658653846153846
8 0.6899038461538461 0.25240384615384615 0.7692307692307693 0.25240384615384615 0.7692307692307693 0.4519230769230769 0.6899038461538461 0.4519230769230769
11 0.6033653846153846 0.18509615384615385 0.6658653846153846 0.18509615384615385 0.6658653846153846 0.3701923076923077 0.6033653846153846 0.3701923076923077
9 0.6033653846153846 0.40384615384615385 0.6706730769230769 0.40384615384615385 0.6706730769230769 0.5528846153846154 0.6033653846153846 0.5528846153846154
12 0.7668269230769231 0 0.8221153846153846 0 0.8221153846153846 0.0889423076923077 0.7668269230769231 0.0889423076923077
10 0.6923076923076923 0 0.7427884615384616 0 0.7427884615384616 0.0889423076923077 0.6923076923076923 0.0889423076923077
10 0.6875 0.14423076923076922 0.7403846153846154 0.14423076923076922 0.7403846153846154 0.25240384615384615 0.6875 0.25240384615384615
10 0.5336538461538461 0.23557692307692307 0.5817307692307693 0.23557692307692307 0.5817307692307693 0.33653846153846156 0.5336538461538461 0.33653846153846156
10 0.5096153846153846 0.6730769230769231 0.5745192307692307 0.6730769230769231 0.5745192307692307 0.7860576923076923 0.5096153846153846 0.7860576923076923
10 0.6995192307692307 0.5480769230769231 0.7596153846153846 0.5480769230769231 0.7596153846153846 0.6586538461538461 0.6995192307692307 0.6586538461538461
12 0.6947115384615384 0.6634615384615384 0.7764423076923077 0.6634615384615384 0.7764423076923077 0.8052884615384616 0.6947115384615384 0.8052884615384616