6 0.8149038461538461 0.6177884615384616 0.8966346153846154 0.6177884615384616 0.8966346153846154 0.78125 0.8149038461538461 0.78125
2 0.7740384615384616 0.34375 0.8653846153846154 0.34375 0.8653846153846154 0.5576923076923077 0.7740384615384616 0.5576923076923077
5 0.5697115384615384 0.16826923076923078 0.6370192307692307 0.16826923076923078 0.6370192307692307 0.3485576923076923 0.5697115384615384 0.3485576923076923
4 0.6586538461538461 0.1346153846153846 0.7091346153846154 0.1346153846153846 0.7091346153846154 0.24759615384615385 0.6586538461538461 0.24759615384615385
4 0.6802884615384616 0.3125 0.7355769230769231 0.3125 0.7355769230769231 0.4254807692307692 0.6802884615384616 0.4254807692307692
4 0.6033653846153846 0.41586538461538464 0.6610576923076923 0.41586538461538464 0.6610576923076923 0.53125 0.6033653846153846 0.53125
4 0.5048076923076923 0 0.5432692307692307 0 0.5432692307692307 0.07932692307692307 0.5048076923076923 0.07932692307692307
4 0.4951923076923077 0.21875 0.5456730769230769 0.21875 0.5456730769230769 0.3245192307692308 0.4951923076923077 0.3245192307692308
3 0.4110576923076923 0.2956730769230769 0.47836538461538464 0.2956730769230769 0.47836538461538464 0.43990384615384615 0.4110576923076923 0.43990384615384615
9 0.4807692307692308 0.028846153846153848 0.5384615384615384 0.028846153846153848 0.5384615384615384 0.17067307692307693 0.4807692307692308 0.17067307692307693
7 0.4182692307692308 0.5024038461538461 0.47836538461538464 0.5024038461538461 0.47836538461538464 0.6538461538461539 0.4182692307692308 0.6538461538461539
8 0.22596153846153846 0.24519230769230768 0.30528846153846156 0.24519230769230768 0.30528846153846156 0.4495192307692308 0.22596153846153846 0.4495192307692308
11 0.3293269230769231 0.17307692307692307 0.3918269230769231 0.17307692307692307 0.3918269230769231 0.3605769230769231 0.3293269230769231 0.3605769230769231
9 0.3245192307692308 0.3918269230769231 0.3894230769230769 0.3918269230769231 0.3894230769230769 0.5432692307692307 0.3245192307692308 0.5432692307692307
12 0.17307692307692307 0 0.2283653846153846 0 0.2283653846153846 0.08653846153846154 0.17307692307692307 0.08653846153846154
10 0.25240384615384615 0 0.30288461538461536 0 0.30288461538461536 0.07932692307692307 0.25240384615384615 0.07932692307692307
10 0.2548076923076923 0.13701923076923078 0.3076923076923077 0.13701923076923078 0.3076923076923077 0.24519230769230768 0.2548076923076923 0.24519230769230768
10 0.41586538461538464 0.22115384615384615 0.46153846153846156 0.22115384615384615 0.46153846153846156 0.3245192307692308 0.41586538461538464 0.3245192307692308
10 0.4206730769230769 0.6610576923076923 0.4831730769230769 0.6610576923076923 0.4831730769230769 0.7764423076923077 0.4206730769230769 0.7764423076923077
10 0.23317307692307693 0.5432692307692307 0.2932692307692308 0.5432692307692307 0.2932692307692308 0.65625 0.23317307692307693 0.65625
12 0.21394230769230768 0.6610576923076923 0.2980769230769231 0.6610576923076923 0.2980769230769231 0.8052884615384616 0.21394230769230768 0.8052884615384616