1 0.7259615384615384 0.08173076923076923 0.78125 0.08173076923076923 0.78125 0.21634615384615385 0.7259615384615384 0.21634615384615385
1 0.4951923076923077 0.25240384615384615 0.5480769230769231 0.25240384615384615 0.5480769230769231 0.3894230769230769 0.4951923076923077 0.3894230769230769
5 0.6826923076923077 0.3269230769230769 0.7403846153846154 0.3269230769230769 0.7403846153846154 0.49759615384615385 0.6826923076923077 0.49759615384615385
3 0.7403846153846154 0.1971153846153846 0.8197115384615384 0.1971153846153846 0.8197115384615384 0.3918269230769231 0.7403846153846154 0.3918269230769231
6 0.8100961538461539 0.7259615384615384 0.8894230769230769 0.7259615384615384 0.8894230769230769 0.8701923076923077 0.8100961538461539 0.8701923076923077
6 0.7115384615384616 0.009615384615384616 0.7668269230769231 0.009615384615384616 0.7668269230769231 0.13221153846153846 0.7115384615384616 0.13221153846153846
3 0.7836538461538461 0.4831730769230769 0.8605769230769231 0.4831730769230769 0.8605769230769231 0.6225961538461539 0.7836538461538461 0.6225961538461539
4 0.6658653846153846 0.2860576923076923 0.7115384615384616 0.2860576923076923 0.7115384615384616 0.3942307692307692 0.6658653846153846 0.3942307692307692
3 0.5745192307692307 0.2692307692307692 0.6394230769230769 0.2692307692307692 0.6394230769230769 0.4110576923076923 0.5745192307692307 0.4110576923076923
4 0.6418269230769231 0.028846153846153848 0.6875 0.028846153846153848 0.6875 0.13221153846153846 0.6418269230769231 0.13221153846153846
4 0.5576923076923077 0.11298076923076923 0.6057692307692307 0.11298076923076923 0.6057692307692307 0.21875 0.5576923076923077 0.21875
4 0.49038461538461536 0.19951923076923078 0.5384615384615384 0.19951923076923078 0.5384615384615384 0.31009615384615385 0.49038461538461536 0.31009615384615385
4 0.49759615384615385 0.3918269230769231 0.5528846153846154 0.3918269230769231 0.5528846153846154 0.5024038461538461 0.49759615384615385 0.5024038461538461
4 0.7139423076923077 0.7379807692307693 0.7692307692307693 0.7379807692307693 0.7692307692307693 0.8557692307692307 0.7139423076923077 0.8557692307692307
4 0.5697115384615384 0.49278846153846156 0.6225961538461539 0.49278846153846156 0.6225961538461539 0.6057692307692307 0.5697115384615384 0.6057692307692307
4 0.5048076923076923 0.6177884615384616 0.5649038461538461 0.6177884615384616 0.5649038461538461 0.7331730769230769 0.5048076923076923 0.7331730769230769
9 0.31490384615384615 0.25240384615384615 0.375 0.25240384615384615 0.375 0.3894230769230769 0.31490384615384615 0.3894230769230769
12 0.2932692307692308 0.7163461538461539 0.36538461538461536 0.7163461538461539 0.36538461538461536 0.8581730769230769 0.2932692307692308 0.8581730769230769
12 0.16346153846153846 0.01201923076923077 0.21634615384615385 0.01201923076923077 0.21634615384615385 0.1346153846153846 0.16346153846153846 0.1346153846153846
7 0.1466346153846154 0.06009615384615385 0.20673076923076922 0.06009615384615385 0.20673076923076922 0.2091346153846154 0.1466346153846154 0.2091346153846154
7 0.08413461538461539 0.5913461538461539 0.15384615384615385 0.5913461538461539 0.15384615384615385 0.7379807692307693 0.08413461538461539 0.7379807692307693
8 0.10817307692307693 0.3004807692307692 0.1875 0.3004807692307692 0.1875 0.5048076923076923 0.10817307692307693 0.5048076923076923
10 0.3918269230769231 0.18269230769230768 0.43990384615384615 0.18269230769230768 0.43990384615384615 0.29086538461538464 0.3918269230769231 0.29086538461538464
11 0.2283653846153846 0.12259615384615384 0.30528846153846156 0.12259615384615384 0.30528846153846156 0.2956730769230769 0.2283653846153846 0.2956730769230769
10 0.3918269230769231 0.019230769230769232 0.4375 0.019230769230769232 0.4375 0.12259615384615384 0.3918269230769231 0.12259615384615384
10 0.24278846153846154 0.0985576923076923 0.28846153846153844 0.0985576923076923 0.28846153846153844 0.19951923076923078 0.24278846153846154 0.19951923076923078
10 0.22355769230769232 0.27884615384615385 0.2764423076923077 0.27884615384615385 0.2764423076923077 0.38461538461538464 0.22355769230769232 0.38461538461538464
10 0.22115384615384615 0.37740384615384615 0.2764423076923077 0.37740384615384615 0.2764423076923077 0.49038461538461536 0.22115384615384615 0.49038461538461536
10 0.20432692307692307 0.6177884615384616 0.2548076923076923 0.6177884615384616 0.2548076923076923 0.7235576923076923 0.20432692307692307 0.7235576923076923
10 0.39663461538461536 0.4951923076923077 0.44711538461538464 0.4951923076923077 0.44711538461538464 0.6177884615384616 0.39663461538461536 0.6177884615384616
10 0.40625 0.7427884615384616 0.46634615384615385 0.7427884615384616 0.46634615384615385 0.8557692307692307 0.40625 0.8557692307692307