1 0.71875 0.10096153846153846 0.7692307692307693 0.10096153846153846 0.7692307692307693 0.23076923076923078 0.71875 0.23076923076923078
1 0.5048076923076923 0.2668269230769231 0.5552884615384616 0.2668269230769231 0.5552884615384616 0.39903846153846156 0.5048076923076923 0.39903846153846156
5 0.6899038461538461 0.33653846153846156 0.7451923076923077 0.33653846153846156 0.7451923076923077 0.5048076923076923 0.6899038461538461 0.5048076923076923
3 0.7379807692307693 0.21153846153846154 0.8149038461538461 0.21153846153846154 0.8149038461538461 0.39903846153846156 0.7379807692307693 0.39903846153846156
6 0.8317307692307693 0.7235576923076923 0.9086538461538461 0.7235576923076923 0.9086538461538461 0.8629807692307693 0.8317307692307693 0.8629807692307693
6 0.6995192307692307 0.03365384615384615 0.7548076923076923 0.03365384615384615 0.7548076923076923 0.15144230769230768 0.6995192307692307 0.15144230769230768
3 0.7908653846153846 0.4879807692307692 0.8653846153846154 0.4879807692307692 0.8653846153846154 0.6225961538461539 0.7908653846153846 0.6225961538461539
4 0.6682692307692307 0.2980769230769231 0.7139423076923077 0.2980769230769231 0.7139423076923077 0.4014423076923077 0.6682692307692307 0.4014423076923077
3 0.5817307692307693 0.28125 0.6442307692307693 0.28125 0.6442307692307693 0.4206730769230769 0.5817307692307693 0.4206730769230769
4 0.6346153846153846 0.05048076923076923 0.6802884615384616 0.05048076923076923 0.6802884615384616 0.15144230769230768 0.6346153846153846 0.15144230769230768
4 0.5576923076923077 0.13221153846153846 0.6033653846153846 0.13221153846153846 0.6033653846153846 0.23557692307692307 0.5576923076923077 0.23557692307692307
4 0.49759615384615385 0.21634615384615385 0.5432692307692307 0.21634615384615385 0.5432692307692307 0.31971153846153844 0.49759615384615385 0.31971153846153844
4 0.5120192307692307 0.4014423076923077 0.5649038461538461 0.4014423076923077 0.5649038461538461 0.5072115384615384 0.5120192307692307 0.5072115384615384
4 0.7355769230769231 0.7331730769230769 0.7884615384615384 0.7331730769230769 0.7884615384615384 0.8485576923076923 0.7355769230769231 0.8485576923076923
4 0.5865384615384616 0.49759615384615385 0.6370192307692307 0.49759615384615385 0.6370192307692307 0.6081730769230769 0.5865384615384616 0.6081730769230769
4 0.53125 0.6177884615384616 0.5865384615384616 0.6177884615384616 0.5865384615384616 0.7283653846153846 0.53125 0.7283653846153846
9 0.3293269230769231 0.2668269230769231 0.3894230769230769 0.2668269230769231 0.3894230769230769 0.39903846153846156 0.3293269230769231 0.39903846153846156
12 0.3317307692307692 0.7139423076923077 0.39903846153846156 0.7139423076923077 0.39903846153846156 0.8509615384615384 0.3317307692307692 0.8509615384615384
12 0.17548076923076922 0.036057692307692304 0.22596153846153846 0.036057692307692304 0.22596153846153846 0.15144230769230768 0.17548076923076922 0.15144230769230768
7 0.16105769230769232 0.08173076923076923 0.21875 0.08173076923076923 0.21875 0.22355769230769232 0.16105769230769232 0.22355769230769232
7 0.12259615384615384 0.59375 0.19230769230769232 0.59375 0.19230769230769232 0.7355769230769231 0.12259615384615384 0.7355769230769231
8 0.1346153846153846 0.3125 0.21153846153846154 0.3125 0.21153846153846154 0.5096153846153846 0.1346153846153846 0.5096153846153846
10 0.4014423076923077 0.19951923076923078 0.44711538461538464 0.19951923076923078 0.44711538461538464 0.30288461538461536 0.4014423076923077 0.30288461538461536
11 0.24278846153846154 0.14182692307692307 0.31490384615384615 0.14182692307692307 0.31490384615384615 0.3076923076923077 0.24278846153846154 0.3076923076923077
10 0.3942307692307692 0.040865384615384616 0.4375 0.040865384615384616 0.4375 0.14182692307692307 0.3942307692307692 0.14182692307692307
10 0.2548076923076923 0.11778846153846154 0.2980769230769231 0.11778846153846154 0.2980769230769231 0.21634615384615385 0.2548076923076923 0.21634615384615385
10 0.24278846153846154 0.29086538461538464 0.2932692307692308 0.29086538461538464 0.2932692307692308 0.3942307692307692 0.24278846153846154 0.3942307692307692
10 0.24278846153846154 0.38461538461538464 0.2980769230769231 0.38461538461538464 0.2980769230769231 0.4951923076923077 0.24278846153846154 0.4951923076923077
10 0.2403846153846154 0.6201923076923077 0.28846153846153844 0.6201923076923077 0.28846153846153844 0.7211538461538461 0.2403846153846154 0.7211538461538461
10 0.4206730769230769 0.5 0.46875 0.5 0.46875 0.6177884615384616 0.4206730769230769 0.6177884615384616
10 0.4375 0.7403846153846154 0.49759615384615385 0.7403846153846154 0.49759615384615385 0.8485576923076923 0.4375 0.8485576923076923