1 0.7163461538461539 0.09375 0.7692307692307693 0.09375 0.7692307692307693 0.2283653846153846 0.7163461538461539 0.2283653846153846
1 0.49759615384615385 0.2620192307692308 0.5480769230769231 0.2620192307692308 0.5480769230769231 0.3942307692307692 0.49759615384615385 0.3942307692307692
5 0.6850961538461539 0.33413461538461536 0.7403846153846154 0.33413461538461536 0.7403846153846154 0.5024038461538461 0.6850961538461539 0.5024038461538461
3 0.7355769230769231 0.20673076923076922 0.8125 0.20673076923076922 0.8125 0.39903846153846156 0.7355769230769231 0.39903846153846156
6 0.8269230769230769 0.7283653846153846 0.9038461538461539 0.7283653846153846 0.9038461538461539 0.8701923076923077 0.8269230769230769 0.8701923076923077
6 0.6995192307692307 0.02403846153846154 0.7524038461538461 0.02403846153846154 0.7524038461538461 0.14423076923076922 0.6995192307692307 0.14423076923076922
3 0.7884615384615384 0.4855769230769231 0.8629807692307693 0.4855769230769231 0.8629807692307693 0.625 0.7884615384615384 0.625
4 0.6634615384615384 0.2956730769230769 0.7091346153846154 0.2956730769230769 0.7091346153846154 0.4014423076923077 0.6634615384615384 0.4014423076923077
3 0.5769230769230769 0.27884615384615385 0.6394230769230769 0.27884615384615385 0.6394230769230769 0.4182692307692308 0.5769230769230769 0.4182692307692308
4 0.6298076923076923 0.04326923076923077 0.6754807692307693 0.04326923076923077 0.6754807692307693 0.14423076923076922 0.6298076923076923 0.14423076923076922
4 0.5528846153846154 0.125 0.5985576923076923 0.125 0.5985576923076923 0.2283653846153846 0.5528846153846154 0.2283653846153846
4 0.49038461538461536 0.21153846153846154 0.5360576923076923 0.21153846153846154 0.5360576923076923 0.3173076923076923 0.49038461538461536 0.3173076923076923
4 0.5048076923076923 0.39663461538461536 0.5576923076923077 0.39663461538461536 0.5576923076923077 0.5048076923076923 0.5048076923076923 0.5048076923076923
4 0.7283653846153846 0.7379807692307693 0.7836538461538461 0.7379807692307693 0.7836538461538461 0.8533653846153846 0.7283653846153846 0.8533653846153846
4 0.5817307692307693 0.49759615384615385 0.6298076923076923 0.49759615384615385 0.6298076923076923 0.6081730769230769 0.5817307692307693 0.6081730769230769
4 0.5216346153846154 0.6177884615384616 0.5769230769230769 0.6177884615384616 0.5769230769230769 0.7307692307692307 0.5216346153846154 0.7307692307692307
9 0.31971153846153844 0.25961538461538464 0.3798076923076923 0.25961538461538464 0.3798076923076923 0.3942307692307692 0.31971153846153844 0.3942307692307692
12 0.31971153846153844 0.7139423076923077 0.3870192307692308 0.7139423076923077 0.3870192307692308 0.8533653846153846 0.31971153846153844 0.8533653846153846
12 0.16346153846153846 0.02403846153846154 0.21394230769230768 0.02403846153846154 0.21394230769230768 0.14423076923076922 0.16346153846153846 0.14423076923076922
7 0.14903846153846154 0.07211538461538461 0.2091346153846154 0.07211538461538461 0.2091346153846154 0.21634615384615385 0.14903846153846154 0.21634615384615385
7 0.10817307692307693 0.5913461538461539 0.1778846153846154 0.5913461538461539 0.1778846153846154 0.7355769230769231 0.10817307692307693 0.7355769230769231
8 0.12259615384615384 0.30528846153846156 0.1971153846153846 0.30528846153846156 0.1971153846153846 0.5072115384615384 0.12259615384615384 0.5072115384615384
10 0.3918269230769231 0.19230769230769232 0.4375 0.19230769230769232 0.4375 0.2980769230769231 0.3918269230769231 0.2980769230769231
11 0.23317307692307693 0.12980769230769232 0.30288461538461536 0.12980769230769232 0.30288461538461536 0.3004807692307692 0.23317307692307693 0.3004807692307692
10 0.38461538461538464 0.03365384615384615 0.43028846153846156 0.03365384615384615 0.43028846153846156 0.13221153846153846 0.38461538461538464 0.13221153846153846
10 0.24278846153846154 0.10817307692307693 0.28846153846153844 0.10817307692307693 0.28846153846153844 0.2091346153846154 0.24278846153846154 0.2091346153846154
10 0.23076923076923078 0.2860576923076923 0.28365384615384615 0.2860576923076923 0.28365384615384615 0.3894230769230769 0.23076923076923078 0.3894230769230769
10 0.23076923076923078 0.3798076923076923 0.2860576923076923 0.3798076923076923 0.2860576923076923 0.49278846153846156 0.23076923076923078 0.49278846153846156
10 0.22596153846153846 0.6177884615384616 0.2764423076923077 0.6177884615384616 0.2764423076923077 0.7211538461538461 0.22596153846153846 0.7211538461538461
10 0.4110576923076923 0.49759615384615385 0.4567307692307692 0.49759615384615385 0.4567307692307692 0.6177884615384616 0.4110576923076923 0.6177884615384616
10 0.42788461538461536 0.7427884615384616 0.4855769230769231 0.7427884615384616 0.4855769230769231 0.8533653846153846 0.42788461538461536 0.8533653846153846