6 0.3894230769230769 0.009615384615384616 0.4495192307692308 0.009615384615384616 0.4495192307692308 0.10576923076923077 0.3894230769230769 0.10576923076923077
6 0.11778846153846154 0.6778846153846154 0.19951923076923078 0.6778846153846154 0.19951923076923078 0.8269230769230769 0.11778846153846154 0.8269230769230769
2 0.1658653846153846 0.25721153846153844 0.2644230769230769 0.25721153846153844 0.2644230769230769 0.47115384615384615 0.1658653846153846 0.47115384615384615
5 0.37740384615384615 0.1971153846153846 0.4543269230769231 0.1971153846153846 0.4543269230769231 0.38461538461538464 0.37740384615384615 0.38461538461538464
4 0.31490384615384615 0.06971153846153846 0.3629807692307692 0.06971153846153846 0.3629807692307692 0.18509615384615385 0.31490384615384615 0.18509615384615385
4 0.30528846153846156 0.16105769230769232 0.35096153846153844 0.16105769230769232 0.35096153846153844 0.2764423076923077 0.30528846153846156 0.2764423076923077
4 0.27884615384615385 0.3485576923076923 0.33413461538461536 0.3485576923076923 0.33413461538461536 0.46153846153846156 0.27884615384615385 0.46153846153846156
4 0.27163461538461536 0.45913461538461536 0.3269230769230769 0.45913461538461536 0.3269230769230769 0.5745192307692307 0.27163461538461536 0.5745192307692307
4 0.47596153846153844 0.24519230769230768 0.5288461538461539 0.24519230769230768 0.5288461538461539 0.3557692307692308 0.47596153846153844 0.3557692307692308
4 0.47115384615384615 0.01201923076923077 0.5216346153846154 0.01201923076923077 0.5216346153846154 0.10576923076923077 0.47115384615384615 0.10576923076923077
3 0.3942307692307692 0.04567307692307692 0.44471153846153844 0.04567307692307692 0.44471153846153844 0.1875 0.3942307692307692 0.1875
3 0.5480769230769231 0.3269230769230769 0.6177884615384616 0.3269230769230769 0.6177884615384616 0.47836538461538464 0.5480769230769231 0.47836538461538464
7 0.7524038461538461 0.7091346153846154 0.8245192307692307 0.7091346153846154 0.8245192307692307 0.8581730769230769 0.7524038461538461 0.8581730769230769
7 0.8509615384615384 0.43509615384615385 0.9254807692307693 0.43509615384615385 0.9254807692307693 0.5865384615384616 0.8509615384615384 0.5865384615384616
12 0.7956730769230769 0.019230769230769232 0.8653846153846154 0.019230769230769232 0.8653846153846154 0.10576923076923077 0.7956730769230769 0.10576923076923077
8 0.8293269230769231 0.2692307692307692 0.9134615384615384 0.2692307692307692 0.9134615384615384 0.4855769230769231 0.8293269230769231 0.4855769230769231
11 0.6274038461538461 0.2091346153846154 0.7115384615384616 0.2091346153846154 0.7115384615384616 0.3918269230769231 0.6274038461538461 0.3918269230769231
9 0.6346153846153846 0.11538461538461539 0.6923076923076923 0.11538461538461539 0.6923076923076923 0.2620192307692308 0.6346153846153846 0.2620192307692308
9 0.8413461538461539 0.5528846153846154 0.9230769230769231 0.5528846153846154 0.9230769230769231 0.7091346153846154 0.8413461538461539 0.7091346153846154
10 0.5625 0.25 0.6129807692307693 0.25 0.6129807692307693 0.3629807692307692 0.5625 0.3629807692307692
10 0.7211538461538461 0.016826923076923076 0.7740384615384616 0.016826923076923076 0.7740384615384616 0.10096153846153846 0.7211538461538461 0.10096153846153846
10 0.71875 0.15625 0.7740384615384616 0.15625 0.7740384615384616 0.27403846153846156 0.71875 0.27403846153846156
10 0.7403846153846154 0.5817307692307693 0.8149038461538461 0.5817307692307693 0.8149038461538461 0.7067307692307693 0.7403846153846154 0.7067307692307693
10 0.5480769230769231 0.7019230769230769 0.6153846153846154 0.7019230769230769 0.6153846153846154 0.8293269230769231 0.5480769230769231 0.8293269230769231