2 0.7259615384615384 0.15625 0.8076923076923077 0.15625 0.8076923076923077 0.37259615384615385 0.7259615384615384 0.37259615384615385
6 0.7668269230769231 0.43990384615384615 0.8413461538461539 0.43990384615384615 0.8413461538461539 0.5841346153846154 0.7668269230769231 0.5841346153846154
6 0.7019230769230769 0.004807692307692308 0.7596153846153846 0.004807692307692308 0.7596153846153846 0.10336538461538461 0.7019230769230769 0.10336538461538461
3 0.5528846153846154 0.22596153846153846 0.6153846153846154 0.22596153846153846 0.6153846153846154 0.37740384615384615 0.5528846153846154 0.37740384615384615
3 0.5913461538461539 0.5625 0.6658653846153846 0.5625 0.6658653846153846 0.7259615384615384 0.5913461538461539 0.7259615384615384
4 0.7067307692307693 0.7211538461538461 0.7716346153846154 0.7211538461538461 0.7716346153846154 0.8461538461538461 0.7067307692307693 0.8461538461538461
5 0.46634615384615385 0.30288461538461536 0.5360576923076923 0.30288461538461536 0.5360576923076923 0.49038461538461536 0.46634615384615385 0.49038461538461536
4 0.5360576923076923 0.06971153846153846 0.5913461538461539 0.06971153846153846 0.5913461538461539 0.18990384615384615 0.5360576923076923 0.18990384615384615
4 0.6538461538461539 0.2548076923076923 0.7043269230769231 0.2548076923076923 0.7043269230769231 0.3701923076923077 0.6538461538461539 0.3701923076923077
4 0.5649038461538461 0.46153846153846156 0.6225961538461539 0.46153846153846156 0.6225961538461539 0.5817307692307693 0.5649038461538461 0.5817307692307693
4 0.5024038461538461 0.5961538461538461 0.5528846153846154 0.5961538461538461 0.5528846153846154 0.7163461538461539 0.5024038461538461 0.7163461538461539
4 0.47115384615384615 0.16826923076923078 0.5240384615384616 0.16826923076923078 0.5240384615384616 0.28125 0.47115384615384615 0.28125
1 0.6153846153846154 0.002403846153846154 0.6706730769230769 0.002403846153846154 0.6706730769230769 0.10336538461538461 0.6153846153846154 0.10336538461538461
1 0.2956730769230769 0.4375 0.3629807692307692 0.4375 0.3629807692307692 0.5961538461538461 0.2956730769230769 0.5961538461538461
11 0.28125 0.004807692307692308 0.3485576923076923 0.004807692307692308 0.3485576923076923 0.19230769230769232 0.28125 0.19230769230769232
8 0.07451923076923077 0.2644230769230769 0.1658653846153846 0.2644230769230769 0.1658653846153846 0.4855769230769231 0.07451923076923077 0.4855769230769231
9 0.16346153846153846 0.7019230769230769 0.23798076923076922 0.7019230769230769 0.23798076923076922 0.8677884615384616 0.16346153846153846 0.8677884615384616
12 0.12740384615384615 0 0.18509615384615385 0 0.18509615384615385 0.10096153846153846 0.12740384615384615 0.10096153846153846
7 0.11778846153846154 0.021634615384615384 0.17548076923076922 0.021634615384615384 0.17548076923076922 0.17548076923076922 0.11778846153846154 0.17548076923076922
7 0.057692307692307696 0.5697115384615384 0.1346153846153846 0.5697115384615384 0.1346153846153846 0.7307692307692307 0.057692307692307696 0.7307692307692307
9 0.2860576923076923 0.21634615384615385 0.3557692307692308 0.21634615384615385 0.3557692307692308 0.3701923076923077 0.2860576923076923 0.3701923076923077
10 0.3581730769230769 0.002403846153846154 0.41586538461538464 0.002403846153846154 0.41586538461538464 0.09375 0.3581730769230769 0.09375
10 0.36538461538461536 0.14182692307692307 0.41586538461538464 0.14182692307692307 0.41586538461538464 0.2644230769230769 0.36538461538461536 0.2644230769230769
10 0.21153846153846154 0.06009615384615385 0.2644230769230769 0.06009615384615385 0.2644230769230769 0.17548076923076922 0.21153846153846154 0.17548076923076922
10 0.1971153846153846 0.24519230769230768 0.25 0.24519230769230768 0.25 0.3581730769230769 0.1971153846153846 0.3581730769230769
10 0.19230769230769232 0.3485576923076923 0.25240384615384615 0.3485576923076923 0.25240384615384615 0.4735576923076923 0.19230769230769232 0.4735576923076923
10 0.18269230769230768 0.5913461538461539 0.2403846153846154 0.5913461538461539 0.2403846153846154 0.7139423076923077 0.18269230769230768 0.7139423076923077