2 0.17548076923076922 0.19951923076923078 0.25721153846153844 0.19951923076923078 0.25721153846153844 0.40625 0.17548076923076922 0.40625
6 0.1466346153846154 0.47115384615384615 0.22115384615384615 0.47115384615384615 0.22115384615384615 0.6129807692307693 0.1466346153846154 0.6129807692307693
6 0.22115384615384615 0.014423076923076924 0.27884615384615385 0.014423076923076924 0.27884615384615385 0.1466346153846154 0.22115384615384615 0.1466346153846154
3 0.3629807692307692 0.2692307692307692 0.4254807692307692 0.2692307692307692 0.4254807692307692 0.41586538461538464 0.3629807692307692 0.41586538461538464
3 0.3173076923076923 0.59375 0.3918269230769231 0.59375 0.3918269230769231 0.7524038461538461 0.3173076923076923 0.7524038461538461
4 0.21875 0.7451923076923077 0.28125 0.7451923076923077 0.28125 0.8653846153846154 0.21875 0.8653846153846154
5 0.4375 0.34375 0.5096153846153846 0.34375 0.5096153846153846 0.5240384615384616 0.4375 0.5240384615384616
4 0.38461538461538464 0.11538461538461539 0.4375 0.11538461538461539 0.4375 0.23317307692307693 0.38461538461538464 0.23317307692307693
4 0.2764423076923077 0.2956730769230769 0.3269230769230769 0.2956730769230769 0.3269230769230769 0.40865384615384615 0.2764423076923077 0.40865384615384615
4 0.3581730769230769 0.4951923076923077 0.41586538461538464 0.4951923076923077 0.41586538461538464 0.6129807692307693 0.3581730769230769 0.6129807692307693
4 0.42788461538461536 0.6274038461538461 0.47836538461538464 0.6274038461538461 0.47836538461538464 0.7427884615384616 0.42788461538461536 0.7427884615384616
4 0.4519230769230769 0.21394230769230768 0.5048076923076923 0.21394230769230768 0.5048076923076923 0.32211538461538464 0.4519230769230769 0.32211538461538464
1 0.30528846153846156 0.002403846153846154 0.3605769230769231 0.002403846153846154 0.3605769230769231 0.1466346153846154 0.30528846153846156 0.1466346153846154
1 0.6105769230769231 0.47596153846153844 0.6754807692307693 0.47596153846153844 0.6754807692307693 0.6298076923076923 0.6105769230769231 0.6298076923076923
11 0.6177884615384616 0.057692307692307696 0.6850961538461539 0.057692307692307696 0.6850961538461539 0.23798076923076922 0.6177884615384616 0.23798076923076922
8 0.7980769230769231 0.31009615384615385 0.8894230769230769 0.31009615384615385 0.8894230769230769 0.5240384615384616 0.7980769230769231 0.5240384615384616
9 0.7355769230769231 0.7331730769230769 0.8076923076923077 0.7331730769230769 0.8076923076923077 0.8942307692307693 0.7355769230769231 0.8942307692307693
12 0.7788461538461539 0.019230769230769232 0.8341346153846154 0.019230769230769232 0.8341346153846154 0.15144230769230768 0.7788461538461539 0.15144230769230768
7 0.7860576923076923 0.07451923076923077 0.84375 0.07451923076923077 0.84375 0.22596153846153846 0.7860576923076923 0.22596153846153846
7 0.8317307692307693 0.6033653846153846 0.90625 0.6033653846153846 0.90625 0.7620192307692307 0.8317307692307693 0.7620192307692307
9 0.6153846153846154 0.2620192307692308 0.6826923076923077 0.2620192307692308 0.6826923076923077 0.4110576923076923 0.6153846153846154 0.4110576923076923
10 0.5552884615384616 0.026442307692307692 0.6081730769230769 0.026442307692307692 0.6081730769230769 0.13942307692307693 0.5552884615384616 0.13942307692307693
10 0.5528846153846154 0.18990384615384615 0.6057692307692307 0.18990384615384615 0.6057692307692307 0.30528846153846156 0.5528846153846154 0.30528846153846156
10 0.6995192307692307 0.11057692307692307 0.7524038461538461 0.11057692307692307 0.7524038461538461 0.22355769230769232 0.6995192307692307 0.22355769230769232
10 0.71875 0.29086538461538464 0.7716346153846154 0.29086538461538464 0.7716346153846154 0.39903846153846156 0.71875 0.39903846153846156
10 0.7163461538461539 0.3894230769230769 0.7740384615384616 0.3894230769230769 0.7740384615384616 0.5096153846153846 0.7163461538461539 0.5096153846153846
10 0.7283653846153846 0.625 0.7860576923076923 0.625 0.7860576923076923 0.7427884615384616 0.7283653846153846 0.7427884615384616