1 0.5793269230769231 0.07211538461538461 0.6394230769230769 0.07211538461538461 0.6394230769230769 0.22355769230769232 0.5793269230769231 0.22355769230769232
2 0.7427884615384616 0.18269230769230768 0.8341346153846154 0.18269230769230768 0.8341346153846154 0.39903846153846156 0.7427884615384616 0.39903846153846156
6 0.49038461538461536 0.17067307692307693 0.5600961538461539 0.17067307692307693 0.5600961538461539 0.3004807692307692 0.49038461538461536 0.3004807692307692
3 0.4110576923076923 0.17067307692307693 0.47836538461538464 0.17067307692307693 0.47836538461538464 0.3076923076923077 0.4110576923076923 0.3076923076923077
3 0.41346153846153844 0.7067307692307693 0.49759615384615385 0.7067307692307693 0.49759615384615385 0.8725961538461539 0.41346153846153844 0.8725961538461539
4 0.7355769230769231 0.7235576923076923 0.8052884615384616 0.7235576923076923 0.8052884615384616 0.8629807692307693 0.7355769230769231 0.8629807692307693
6 0.5432692307692307 0.007211538461538462 0.6105769230769231 0.007211538461538462 0.6105769230769231 0.1346153846153846 0.5432692307692307 0.1346153846153846
4 0.6682692307692307 0.27884615384615385 0.7307692307692307 0.27884615384615385 0.7307692307692307 0.3942307692307692 0.6682692307692307 0.3942307692307692
4 0.5288461538461539 0.6105769230769231 0.5889423076923077 0.6105769230769231 0.5889423076923077 0.7355769230769231 0.5288461538461539 0.7355769230769231
4 0.5913461538461539 0.47596153846153844 0.6586538461538461 0.47596153846153844 0.6586538461538461 0.6033653846153846 0.5913461538461539 0.6033653846153846
4 0.47115384615384615 0.10096153846153846 0.5264423076923077 0.10096153846153846 0.5264423076923077 0.21634615384615385 0.47115384615384615 0.21634615384615385
4 0.39903846153846156 0.10336538461538461 0.4495192307692308 0.10336538461538461 0.4495192307692308 0.22596153846153846 0.39903846153846156 0.22596153846153846
8 0.11778846153846154 0.2932692307692308 0.2091346153846154 0.2932692307692308 0.2091346153846154 0.5096153846153846 0.11778846153846154 0.5096153846153846
11 0.3125 0.038461538461538464 0.3798076923076923 0.038461538461538464 0.3798076923076923 0.22355769230769232 0.3125 0.22355769230769232
9 0.19951923076923078 0.7115384615384616 0.28846153846153844 0.7115384615384616 0.28846153846153844 0.8798076923076923 0.19951923076923078 0.8798076923076923
12 0.16105769230769232 0.002403846153846154 0.22596153846153846 0.002403846153846154 0.22596153846153846 0.1346153846153846 0.16105769230769232 0.1346153846153846
7 0.15144230769230768 0.057692307692307696 0.21394230769230768 0.057692307692307696 0.21394230769230768 0.21153846153846154 0.15144230769230768 0.21153846153846154
7 0.3293269230769231 0.3485576923076923 0.39663461538461536 0.3485576923076923 0.39663461538461536 0.5 0.3293269230769231 0.5
10 0.3894230769230769 0.01201923076923077 0.4423076923076923 0.01201923076923077 0.4423076923076923 0.12740384615384615 0.3894230769230769 0.12740384615384615
10 0.24278846153846154 0.09615384615384616 0.3004807692307692 0.09615384615384616 0.3004807692307692 0.20673076923076922 0.24278846153846154 0.20673076923076922
10 0.23317307692307693 0.27163461538461536 0.29086538461538464 0.27163461538461536 0.29086538461538464 0.3894230769230769 0.23317307692307693 0.3894230769230769
10 0.23317307692307693 0.3701923076923077 0.2932692307692308 0.3701923076923077 0.2932692307692308 0.4951923076923077 0.23317307692307693 0.4951923076923077
10 0.33413461538461536 0.5 0.3942307692307692 0.5 0.3942307692307692 0.625 0.33413461538461536 0.625