5 0.7524038461538461 0.19471153846153846 0.8245192307692307 0.19471153846153846 0.8245192307692307 0.3557692307692308 0.7524038461538461 0.3557692307692308
2 0.7548076923076923 0.2548076923076923 0.8293269230769231 0.2548076923076923 0.8293269230769231 0.44471153846153844 0.7548076923076923 0.44471153846153844
1 0.7836538461538461 0.4110576923076923 0.84375 0.4110576923076923 0.84375 0.5432692307692307 0.7836538461538461 0.5432692307692307
1 0.7355769230769231 0.12740384615384615 0.7860576923076923 0.12740384615384615 0.7860576923076923 0.2548076923076923 0.7355769230769231 0.2548076923076923
3 0.7211538461538461 0.06009615384615385 0.78125 0.06009615384615385 0.78125 0.17307692307692307 0.7211538461538461 0.17307692307692307
3 0.7932692307692307 0.5384615384615384 0.8677884615384616 0.5384615384615384 0.8677884615384616 0.6586538461538461 0.7932692307692307 0.6586538461538461
6 0.7259615384615384 0 0.7740384615384616 0 0.7740384615384616 0.09375 0.7259615384615384 0.09375
6 0.8052884615384616 0.6586538461538461 0.8774038461538461 0.6586538461538461 0.8774038461538461 0.7860576923076923 0.8052884615384616 0.7860576923076923
4 0.7115384615384616 0.6730769230769231 0.7644230769230769 0.6730769230769231 0.7644230769230769 0.7764423076923077 0.7115384615384616 0.7764423076923077
4 0.6995192307692307 0.5504807692307693 0.7524038461538461 0.5504807692307693 0.7524038461538461 0.6538461538461539 0.6995192307692307 0.6538461538461539
4 0.6899038461538461 0.44471153846153844 0.7355769230769231 0.44471153846153844 0.7355769230769231 0.5432692307692307 0.6899038461538461 0.5432692307692307
4 0.6778846153846154 0.3389423076923077 0.7259615384615384 0.3389423076923077 0.7259615384615384 0.43990384615384615 0.6778846153846154 0.43990384615384615
4 0.6658653846153846 0.24278846153846154 0.7139423076923077 0.24278846153846154 0.7139423076923077 0.3389423076923077 0.6658653846153846 0.3389423076923077
4 0.6610576923076923 0.15865384615384615 0.7019230769230769 0.15865384615384615 0.7019230769230769 0.25721153846153844 0.6610576923076923 0.25721153846153844
4 0.6490384615384616 0.07932692307692307 0.6923076923076923 0.07932692307692307 0.6923076923076923 0.17067307692307693 0.6490384615384616 0.17067307692307693
4 0.6466346153846154 0 0.6875 0 0.6875 0.0889423076923077 0.6466346153846154 0.0889423076923077
11 0.15625 0.18028846153846154 0.22115384615384615 0.18028846153846154 0.22115384615384615 0.35096153846153844 0.15625 0.35096153846153844
8 0.13701923076923078 0.2548076923076923 0.20432692307692307 0.2548076923076923 0.20432692307692307 0.4495192307692308 0.13701923076923078 0.4495192307692308
7 0.1658653846153846 0.125 0.21875 0.125 0.21875 0.25721153846153844 0.1658653846153846 0.25721153846153844
7 0.12740384615384615 0.41346153846153844 0.18509615384615385 0.41346153846153844 0.18509615384615385 0.5456730769230769 0.12740384615384615 0.5456730769230769
9 0.18509615384615385 0.04567307692307692 0.23798076923076922 0.04567307692307692 0.23798076923076922 0.17548076923076922 0.18509615384615385 0.17548076923076922
9 0.12740384615384615 0.5240384615384616 0.19471153846153846 0.5240384615384616 0.19471153846153846 0.6682692307692307 0.12740384615384615 0.6682692307692307
12 0.10096153846153846 0.6730769230769231 0.1658653846153846 0.6730769230769231 0.1658653846153846 0.8100961538461539 0.10096153846153846 0.8100961538461539
12 0.1875 0 0.23557692307692307 0 0.23557692307692307 0.0889423076923077 0.1875 0.0889423076923077
10 0.2692307692307692 0 0.31009615384615385 0 0.31009615384615385 0.0889423076923077 0.2692307692307692 0.0889423076923077
10 0.2644230769230769 0.07692307692307693 0.3076923076923077 0.07692307692307693 0.3076923076923077 0.1658653846153846 0.2644230769230769 0.1658653846153846
10 0.25961538461538464 0.16105769230769232 0.30288461538461536 0.16105769230769232 0.30288461538461536 0.25961538461538464 0.25961538461538464 0.25961538461538464
10 0.25 0.24519230769230768 0.3004807692307692 0.24519230769230768 0.3004807692307692 0.34615384615384615 0.25 0.34615384615384615
10 0.25 0.3485576923076923 0.3004807692307692 0.3485576923076923 0.3004807692307692 0.4495192307692308 0.25 0.4495192307692308
10 0.23076923076923078 0.4519230769230769 0.28846153846153844 0.4519230769230769 0.28846153846153844 0.5576923076923077 0.23076923076923078 0.5576923076923077
10 0.23317307692307693 0.5552884615384616 0.2860576923076923 0.5552884615384616 0.2860576923076923 0.6634615384615384 0.23317307692307693 0.6634615384615384
10 0.21875 0.6802884615384616 0.27403846153846156 0.6802884615384616 0.27403846153846156 0.7860576923076923 0.21875 0.7860576923076923