6 0.8317307692307693 0.6370192307692307 0.9110576923076923 0.6370192307692307 0.9110576923076923 0.7956730769230769 0.8317307692307693 0.7956730769230769
4 0.5072115384615384 0 0.5625 0 0.5625 0.07692307692307693 0.5072115384615384 0.07692307692307693
2 0.7716346153846154 0.23076923076923078 0.8605769230769231 0.23076923076923078 0.8605769230769231 0.4495192307692308 0.7716346153846154 0.4495192307692308
5 0.5793269230769231 0.1658653846153846 0.6514423076923077 0.1658653846153846 0.6514423076923077 0.35336538461538464 0.5793269230769231 0.35336538461538464
4 0.6923076923076923 0.3245192307692308 0.7548076923076923 0.3245192307692308 0.7548076923076923 0.43028846153846156 0.6923076923076923 0.43028846153846156
4 0.6682692307692307 0.14423076923076922 0.7259615384615384 0.14423076923076922 0.7259615384615384 0.24759615384615385 0.6682692307692307 0.24759615384615385
4 0.6586538461538461 0.052884615384615384 0.7091346153846154 0.052884615384615384 0.7091346153846154 0.16105769230769232 0.6586538461538461 0.16105769230769232
4 0.5096153846153846 0.21634615384615385 0.5576923076923077 0.21634615384615385 0.5576923076923077 0.3293269230769231 0.5096153846153846 0.3293269230769231
4 0.6177884615384616 0.4326923076923077 0.6778846153846154 0.4326923076923077 0.6778846153846154 0.5528846153846154 0.6177884615384616 0.5528846153846154
3 0.41346153846153844 0.2956730769230769 0.4879807692307692 0.2956730769230769 0.4879807692307692 0.44471153846153844 0.41346153846153844 0.44471153846153844
7 0.4206730769230769 0.5072115384615384 0.49278846153846156 0.5072115384615384 0.49278846153846156 0.6610576923076923 0.4206730769230769 0.6610576923076923
11 0.33413461538461536 0.16346153846153846 0.40384615384615385 0.16346153846153846 0.40384615384615385 0.3605769230769231 0.33413461538461536 0.3605769230769231
9 0.49278846153846156 0.02403846153846154 0.5528846153846154 0.02403846153846154 0.5528846153846154 0.1778846153846154 0.49278846153846156 0.1778846153846154
9 0.12740384615384615 0.5120192307692307 0.2091346153846154 0.5120192307692307 0.2091346153846154 0.6658653846153846 0.12740384615384615 0.6658653846153846
8 0.12980769230769232 0.23317307692307693 0.21394230769230768 0.23317307692307693 0.21394230769230768 0.44471153846153844 0.12980769230769232 0.44471153846153844
12 0.17067307692307693 0 0.2403846153846154 0 0.2403846153846154 0.07692307692307693 0.17067307692307693 0.07692307692307693
12 0.22355769230769232 0.6586538461538461 0.30288461538461536 0.6586538461538461 0.30288461538461536 0.8052884615384616 0.22355769230769232 0.8052884615384616
10 0.23798076923076922 0.5408653846153846 0.3004807692307692 0.5408653846153846 0.3004807692307692 0.6610576923076923 0.23798076923076922 0.6610576923076923
10 0.4230769230769231 0.21394230769230768 0.4807692307692308 0.21394230769230768 0.4807692307692308 0.3269230769230769 0.4230769230769231 0.3269230769230769
10 0.2644230769230769 0 0.31490384615384615 0 0.31490384615384615 0.07211538461538461 0.2644230769230769 0.07211538461538461
10 0.2644230769230769 0.13701923076923078 0.31971153846153844 0.13701923076923078 0.31971153846153844 0.2403846153846154 0.2644230769230769 0.2403846153846154
10 0.4326923076923077 0.6610576923076923 0.5 0.6610576923076923 0.5 0.7860576923076923 0.4326923076923077 0.7860576923076923