5 0.18509615384615385 0.22355769230769232 0.24759615384615385 0.22355769230769232 0.24759615384615385 0.3701923076923077 0.18509615384615385 0.3701923076923077
2 0.17067307692307693 0.2860576923076923 0.25240384615384615 0.2860576923076923 0.25240384615384615 0.4735576923076923 0.17067307692307693 0.4735576923076923
1 0.21634615384615385 0.15865384615384615 0.2692307692307692 0.15865384615384615 0.2692307692307692 0.28846153846153844 0.21634615384615385 0.28846153846153844
1 0.17307692307692307 0.4495192307692308 0.23317307692307693 0.4495192307692308 0.23317307692307693 0.5793269230769231 0.17307692307692307 0.5793269230769231
6 0.23076923076923078 0.08173076923076923 0.28846153846153844 0.08173076923076923 0.28846153846153844 0.19951923076923078 0.23076923076923078 0.19951923076923078
6 0.14182692307692307 0.5576923076923077 0.21634615384615385 0.5576923076923077 0.21634615384615385 0.6923076923076923 0.14182692307692307 0.6923076923076923
6 0.23798076923076922 0.014423076923076924 0.28846153846153844 0.014423076923076924 0.28846153846153844 0.12740384615384615 0.23798076923076922 0.12740384615384615
6 0.12740384615384615 0.6875 0.20432692307692307 0.6875 0.20432692307692307 0.8197115384615384 0.12740384615384615 0.8197115384615384
4 0.3269230769230769 0.021634615384615384 0.3701923076923077 0.021634615384615384 0.3701923076923077 0.1201923076923077 0.3269230769230769 0.1201923076923077
4 0.31971153846153844 0.10336538461538461 0.36538461538461536 0.10336538461538461 0.36538461538461536 0.19951923076923078 0.31971153846153844 0.19951923076923078
4 0.3076923076923077 0.18509615384615385 0.3557692307692308 0.18509615384615385 0.3557692307692308 0.28365384615384615 0.3076923076923077 0.28365384615384615
4 0.3004807692307692 0.2620192307692308 0.34615384615384615 0.2620192307692308 0.34615384615384615 0.3701923076923077 0.3004807692307692 0.3701923076923077
4 0.2860576923076923 0.3605769230769231 0.3317307692307692 0.3605769230769231 0.3317307692307692 0.46634615384615385 0.2860576923076923 0.46634615384615385
4 0.27403846153846156 0.4639423076923077 0.31971153846153844 0.4639423076923077 0.31971153846153844 0.5745192307692307 0.27403846153846156 0.5745192307692307
4 0.25961538461538464 0.5769230769230769 0.3076923076923077 0.5769230769230769 0.3076923076923077 0.6875 0.25961538461538464 0.6875
4 0.24278846153846154 0.6947115384615384 0.2956730769230769 0.6947115384615384 0.2956730769230769 0.8149038461538461 0.24278846153846154 0.8149038461538461
11 0.7980769230769231 0.21394230769230768 0.8653846153846154 0.21394230769230768 0.8653846153846154 0.38461538461538464 0.7980769230769231 0.38461538461538464
8 0.8125 0.28846153846153844 0.8822115384615384 0.28846153846153844 0.8822115384615384 0.4855769230769231 0.8125 0.4855769230769231
7 0.8004807692307693 0.15384615384615385 0.8533653846153846 0.15384615384615385 0.8533653846153846 0.28846153846153844 0.8004807692307693 0.28846153846153844
7 0.8317307692307693 0.43990384615384615 0.8942307692307693 0.43990384615384615 0.8942307692307693 0.5817307692307693 0.8317307692307693 0.5817307692307693
9 0.7908653846153846 0.08413461538461539 0.8485576923076923 0.08413461538461539 0.8485576923076923 0.20673076923076922 0.7908653846153846 0.20673076923076922
9 0.8317307692307693 0.5793269230769231 0.9038461538461539 0.5793269230769231 0.9038461538461539 0.7211538461538461 0.8317307692307693 0.7211538461538461
12 0.8461538461538461 0.7067307692307693 0.9158653846153846 0.7067307692307693 0.9158653846153846 0.8509615384615384 0.8461538461538461 0.8509615384615384
12 0.7836538461538461 0.014423076923076924 0.8365384615384616 0.014423076923076924 0.8365384615384616 0.12259615384615384 0.7836538461538461 0.12259615384615384
10 0.7115384615384616 0.02403846153846154 0.7596153846153846 0.02403846153846154 0.7596153846153846 0.11538461538461539 0.7115384615384616 0.11538461538461539
10 0.7091346153846154 0.10576923076923077 0.7596153846153846 0.10576923076923077 0.7596153846153846 0.19951923076923078 0.7091346153846154 0.19951923076923078
10 0.7115384615384616 0.18990384615384615 0.7620192307692307 0.18990384615384615 0.7620192307692307 0.29086538461538464 0.7115384615384616 0.29086538461538464
10 0.7163461538461539 0.2764423076923077 0.7740384615384616 0.2764423076923077 0.7740384615384616 0.3798076923076923 0.7163461538461539 0.3798076923076923
10 0.7163461538461539 0.37740384615384615 0.7764423076923077 0.37740384615384615 0.7764423076923077 0.4855769230769231 0.7163461538461539 0.4855769230769231
10 0.7283653846153846 0.4879807692307692 0.7884615384615384 0.4879807692307692 0.7884615384615384 0.5865384615384616 0.7283653846153846 0.5865384615384616
10 0.7283653846153846 0.5889423076923077 0.7908653846153846 0.5889423076923077 0.7908653846153846 0.6971153846153846 0.7283653846153846 0.6971153846153846
10 0.7403846153846154 0.7139423076923077 0.8028846153846154 0.7139423076923077 0.8028846153846154 0.8221153846153846 0.7403846153846154 0.8221153846153846