10 0.6947115384615384 0.125 0.7379807692307693 0.125 0.7379807692307693 0.21875 0.6947115384615384 0.21875
4 0.2692307692307692 0.2956730769230769 0.31490384615384615 0.2956730769230769 0.31490384615384615 0.39903846153846156 0.2692307692307692 0.39903846153846156
2 0.16346153846153846 0.19230769230769232 0.2403846153846154 0.19230769230769232 0.2403846153846154 0.40384615384615385 0.16346153846153846 0.40384615384615385
4 0.44711538461538464 0.21634615384615385 0.49038461538461536 0.21634615384615385 0.49038461538461536 0.31009615384615385 0.44711538461538464 0.31009615384615385
10 0.6923076923076923 0.04807692307692308 0.75 0.04807692307692308 0.75 0.15384615384615385 0.6923076923076923 0.15384615384615385
4 0.3798076923076923 0.125 0.43028846153846156 0.125 0.43028846153846156 0.22596153846153846 0.3798076923076923 0.22596153846153846
1 0.21153846153846154 0.09134615384615384 0.2692307692307692 0.09134615384615384 0.2692307692307692 0.22355769230769232 0.21153846153846154 0.22355769230769232
11 0.6778846153846154 0.14903846153846154 0.75 0.14903846153846154 0.75 0.28125 0.6778846153846154 0.28125
10 0.6850961538461539 0.27403846153846156 0.7451923076923077 0.27403846153846156 0.7451923076923077 0.40384615384615385 0.6850961538461539 0.40384615384615385
4 0.3004807692307692 0.04567307692307692 0.34375 0.04567307692307692 0.34375 0.13942307692307693 0.3004807692307692 0.13942307692307693
10 0.5456730769230769 0.1971153846153846 0.59375 0.1971153846153846 0.59375 0.3076923076923077 0.5456730769230769 0.3076923076923077
8 0.7932692307692307 0.3269230769230769 0.8677884615384616 0.3269230769230769 0.8677884615384616 0.5144230769230769 0.7932692307692307 0.5144230769230769
7 0.7692307692307693 0.09375 0.8389423076923077 0.09375 0.8389423076923077 0.24759615384615385 0.7692307692307693 0.24759615384615385
3 0.4326923076923077 0.28365384615384615 0.49759615384615385 0.28365384615384615 0.49759615384615385 0.41346153846153844 0.4326923076923077 0.41346153846153844
12 0.7668269230769231 0.028846153846153848 0.8341346153846154 0.028846153846153848 0.8341346153846154 0.18269230769230768 0.7668269230769231 0.18269230769230768
10 0.5144230769230769 0.5120192307692307 0.5769230769230769 0.5120192307692307 0.5769230769230769 0.6274038461538461 0.5144230769230769 0.6274038461538461
3 0.34615384615384615 0.2620192307692308 0.40865384615384615 0.2620192307692308 0.40865384615384615 0.40625 0.34615384615384615 0.40625
5 0.22596153846153846 0.35096153846153844 0.30288461538461536 0.35096153846153844 0.30288461538461536 0.5120192307692307 0.22596153846153846 0.5120192307692307
4 0.39663461538461536 0.6177884615384616 0.4567307692307692 0.6177884615384616 0.4567307692307692 0.7259615384615384 0.39663461538461536 0.7259615384615384
10 0.7067307692307693 0.6298076923076923 0.7620192307692307 0.6298076923076923 0.7620192307692307 0.7379807692307693 0.7067307692307693 0.7379807692307693
6 0.23076923076923078 0.028846153846153848 0.2860576923076923 0.028846153846153848 0.2860576923076923 0.13221153846153846 0.23076923076923078 0.13221153846153846
4 0.3485576923076923 0.4951923076923077 0.40384615384615385 0.4951923076923077 0.40384615384615385 0.6153846153846154 0.3485576923076923 0.6153846153846154
6 0.07692307692307693 0.71875 0.15384615384615385 0.71875 0.15384615384615385 0.8677884615384616 0.07692307692307693 0.8677884615384616
7 0.8149038461538461 0.6057692307692307 0.8894230769230769 0.6057692307692307 0.8894230769230769 0.7524038461538461 0.8149038461538461 0.7524038461538461
3 0.11298076923076923 0.4831730769230769 0.1971153846153846 0.4831730769230769 0.1971153846153846 0.6105769230769231 0.11298076923076923 0.6105769230769231
9 0.7932692307692307 0.4831730769230769 0.8677884615384616 0.4831730769230769 0.8677884615384616 0.6370192307692307 0.7932692307692307 0.6370192307692307
9 0.6057692307692307 0.25961538461538464 0.6682692307692307 0.25961538461538464 0.6682692307692307 0.40625 0.6057692307692307 0.40625
10 0.6923076923076923 0.37259615384615385 0.7572115384615384 0.37259615384615385 0.7572115384615384 0.5048076923076923 0.6923076923076923 0.5048076923076923
4 0.4206730769230769 0.40384615384615385 0.47836538461538464 0.40384615384615385 0.47836538461538464 0.5192307692307693 0.4206730769230769 0.5192307692307693
10 0.5048076923076923 0.7379807692307693 0.5697115384615384 0.7379807692307693 0.5697115384615384 0.8629807692307693 0.5048076923076923 0.8629807692307693
12 0.5961538461538461 0.7259615384615384 0.6682692307692307 0.7259615384615384 0.6682692307692307 0.875 0.5961538461538461 0.875
4 0.19230769230769232 0.7355769230769231 0.25 0.7355769230769231 0.25 0.8533653846153846 0.19230769230769232 0.8533653846153846