2 0.7572115384615384 0.20192307692307693 0.8365384615384616 0.20192307692307693 0.8365384615384616 0.40625 0.7572115384615384 0.40625
5 0.6899038461538461 0.33653846153846156 0.7644230769230769 0.33653846153846156 0.7644230769230769 0.5264423076923077 0.6899038461538461 0.5264423076923077
6 0.8389423076923077 0.7451923076923077 0.9230769230769231 0.7451923076923077 0.9230769230769231 0.8870192307692307 0.8389423076923077 0.8870192307692307
6 0.7235576923076923 0.014423076923076924 0.7836538461538461 0.014423076923076924 0.7836538461538461 0.14182692307692307 0.7235576923076923 0.14182692307692307
1 0.3293269230769231 0.47596153846153844 0.39903846153846156 0.47596153846153844 0.39903846153846156 0.6274038461538461 0.3293269230769231 0.6274038461538461
1 0.6394230769230769 0.01201923076923077 0.6947115384615384 0.01201923076923077 0.6947115384615384 0.1466346153846154 0.6394230769230769 0.1466346153846154
3 0.5913461538461539 0.27163461538461536 0.6514423076923077 0.27163461538461536 0.6514423076923077 0.4230769230769231 0.5913461538461539 0.4230769230769231
3 0.6322115384615384 0.6129807692307693 0.7043269230769231 0.6129807692307693 0.7043269230769231 0.7548076923076923 0.6322115384615384 0.7548076923076923
4 0.5841346153846154 0.5 0.6466346153846154 0.5 0.6466346153846154 0.6225961538461539 0.5841346153846154 0.6225961538461539
4 0.7355769230769231 0.7572115384615384 0.8004807692307693 0.7572115384615384 0.8004807692307693 0.875 0.7355769230769231 0.875
4 0.6802884615384616 0.2956730769230769 0.7259615384615384 0.2956730769230769 0.7259615384615384 0.40865384615384615 0.6802884615384616 0.40865384615384615
4 0.5673076923076923 0.11778846153846154 0.6129807692307693 0.11778846153846154 0.6129807692307693 0.23076923076923078 0.5673076923076923 0.23076923076923078
4 0.49038461538461536 0.02403846153846154 0.5408653846153846 0.02403846153846154 0.5408653846153846 0.1346153846153846 0.49038461538461536 0.1346153846153846
4 0.5 0.20432692307692307 0.5504807692307693 0.20432692307692307 0.5504807692307693 0.32211538461538464 0.5 0.32211538461538464
4 0.33413461538461536 0.4014423076923077 0.38221153846153844 0.4014423076923077 0.38221153846153844 0.5144230769230769 0.33413461538461536 0.5144230769230769
4 0.53125 0.625 0.5865384615384616 0.625 0.5865384615384616 0.7475961538461539 0.53125 0.7475961538461539
12 0.15865384615384615 0.009615384615384616 0.21394230769230768 0.009615384615384616 0.21394230769230768 0.1346153846153846 0.15865384615384615 0.1346153846153846
12 0.3173076923076923 0.7259615384615384 0.3870192307692308 0.7259615384615384 0.3870192307692308 0.8774038461538461 0.3173076923076923 0.8774038461538461
11 0.23557692307692307 0.125 0.3076923076923077 0.125 0.3076923076923077 0.30288461538461536 0.23557692307692307 0.30288461538461536
8 0.11298076923076923 0.30528846153846156 0.19230769230769232 0.30528846153846156 0.19230769230769232 0.5072115384615384 0.11298076923076923 0.5072115384615384
7 0.1466346153846154 0.06490384615384616 0.20673076923076922 0.06490384615384616 0.20673076923076922 0.21153846153846154 0.1466346153846154 0.21153846153846154
7 0.10096153846153846 0.6033653846153846 0.17548076923076922 0.6033653846153846 0.17548076923076922 0.7524038461538461 0.10096153846153846 0.7524038461538461
9 0.11778846153846154 0.4831730769230769 0.1971153846153846 0.4831730769230769 0.1971153846153846 0.625 0.11778846153846154 0.625
9 0.32211538461538464 0.25961538461538464 0.38461538461538464 0.25961538461538464 0.38461538461538464 0.39663461538461536 0.32211538461538464 0.39663461538461536
10 0.39663461538461536 0.18509615384615385 0.44711538461538464 0.18509615384615385 0.44711538461538464 0.2980769230769231 0.39663461538461536 0.2980769230769231
10 0.3894230769230769 0.016826923076923076 0.43990384615384615 0.016826923076923076 0.43990384615384615 0.12980769230769232 0.3894230769230769 0.12980769230769232
10 0.24278846153846154 0.10336538461538461 0.2932692307692308 0.10336538461538461 0.2932692307692308 0.20673076923076922 0.24278846153846154 0.20673076923076922
10 0.23317307692307693 0.28125 0.28365384615384615 0.28125 0.28365384615384615 0.39663461538461536 0.23317307692307693 0.39663461538461536
10 0.21634615384615385 0.625 0.27884615384615385 0.625 0.27884615384615385 0.7451923076923077 0.21634615384615385 0.7451923076923077
10 0.2283653846153846 0.3798076923076923 0.2860576923076923 0.3798076923076923 0.2860576923076923 0.5 0.2283653846153846 0.5
10 0.41346153846153844 0.5120192307692307 0.46634615384615385 0.5120192307692307 0.46634615384615385 0.6322115384615384 0.41346153846153844 0.6322115384615384
10 0.42788461538461536 0.7548076923076923 0.49038461538461536 0.7548076923076923 0.49038461538461536 0.8798076923076923 0.42788461538461536 0.8798076923076923