2 0.7355769230769231 0.15865384615384615 0.8173076923076923 0.15865384615384615 0.8173076923076923 0.36538461538461536 0.7355769230769231 0.36538461538461536
5 0.6658653846153846 0.2980769230769231 0.7451923076923077 0.2980769230769231 0.7451923076923077 0.49038461538461536 0.6658653846153846 0.49038461538461536
6 0.8221153846153846 0.7091346153846154 0.9086538461538461 0.7091346153846154 0.9086538461538461 0.8533653846153846 0.8221153846153846 0.8533653846153846
6 0.6947115384615384 0 0.7620192307692307 0 0.7620192307692307 0.0985576923076923 0.6947115384615384 0.0985576923076923
1 0.3004807692307692 0.44711538461538464 0.37259615384615385 0.44711538461538464 0.37259615384615385 0.6009615384615384 0.3004807692307692 0.6009615384615384
1 0.6105769230769231 0 0.6682692307692307 0 0.6682692307692307 0.10576923076923077 0.6105769230769231 0.10576923076923077
3 0.5649038461538461 0.23317307692307693 0.6298076923076923 0.23317307692307693 0.6298076923076923 0.3870192307692308 0.5649038461538461 0.3870192307692308
3 0.6105769230769231 0.5793269230769231 0.6850961538461539 0.5793269230769231 0.6850961538461539 0.7259615384615384 0.6105769230769231 0.7259615384615384
4 0.5625 0.46634615384615385 0.6274038461538461 0.46634615384615385 0.6274038461538461 0.5913461538461539 0.5625 0.5913461538461539
4 0.7163461538461539 0.7235576923076923 0.7860576923076923 0.7235576923076923 0.7860576923076923 0.84375 0.7163461538461539 0.84375
4 0.65625 0.2548076923076923 0.7043269230769231 0.2548076923076923 0.7043269230769231 0.3701923076923077 0.65625 0.3701923076923077
4 0.5384615384615384 0.07692307692307693 0.5865384615384616 0.07692307692307693 0.5865384615384616 0.19230769230769232 0.5384615384615384 0.19230769230769232
4 0.45913461538461536 0 0.5144230769230769 0 0.5144230769230769 0.0985576923076923 0.45913461538461536 0.0985576923076923
4 0.47115384615384615 0.1658653846153846 0.5240384615384616 0.1658653846153846 0.5240384615384616 0.2860576923076923 0.47115384615384615 0.2860576923076923
4 0.30528846153846156 0.37259615384615385 0.3557692307692308 0.37259615384615385 0.3557692307692308 0.4855769230769231 0.30528846153846156 0.4855769230769231
4 0.5120192307692307 0.5961538461538461 0.5673076923076923 0.5961538461538461 0.5673076923076923 0.71875 0.5120192307692307 0.71875
12 0.12259615384615384 0 0.18269230769230768 0 0.18269230769230768 0.10817307692307693 0.12259615384615384 0.10817307692307693
12 0.2932692307692308 0.7019230769230769 0.36538461538461536 0.7019230769230769 0.36538461538461536 0.8557692307692307 0.2932692307692308 0.8557692307692307
11 0.20192307692307693 0.09375 0.27884615384615385 0.09375 0.27884615384615385 0.27403846153846156 0.20192307692307693 0.27403846153846156
8 0.08173076923076923 0.27884615384615385 0.16346153846153846 0.27884615384615385 0.16346153846153846 0.4855769230769231 0.08173076923076923 0.4855769230769231
7 0.11057692307692307 0.03365384615384615 0.17548076923076922 0.03365384615384615 0.17548076923076922 0.18269230769230768 0.11057692307692307 0.18269230769230768
7 0.07211538461538461 0.5841346153846154 0.14903846153846154 0.5841346153846154 0.14903846153846154 0.7331730769230769 0.07211538461538461 0.7331730769230769
9 0.08653846153846154 0.45913461538461536 0.16826923076923078 0.45913461538461536 0.16826923076923078 0.6033653846153846 0.08653846153846154 0.6033653846153846
9 0.2932692307692308 0.2283653846153846 0.3581730769230769 0.2283653846153846 0.3581730769230769 0.36778846153846156 0.2932692307692308 0.36778846153846156
10 0.36538461538461536 0.14903846153846154 0.4206730769230769 0.14903846153846154 0.4206730769230769 0.2644230769230769 0.36538461538461536 0.2644230769230769
10 0.3581730769230769 0 0.40865384615384615 0 0.40865384615384615 0.09375 0.3581730769230769 0.09375
10 0.2091346153846154 0.06971153846153846 0.2644230769230769 0.06971153846153846 0.2644230769230769 0.17548076923076922 0.2091346153846154 0.17548076923076922
10 0.20192307692307693 0.25240384615384615 0.2548076923076923 0.25240384615384615 0.2548076923076923 0.3701923076923077 0.20192307692307693 0.3701923076923077
10 0.18990384615384615 0.6009615384615384 0.25240384615384615 0.6009615384615384 0.25240384615384615 0.7235576923076923 0.18990384615384615 0.7235576923076923
10 0.1971153846153846 0.35336538461538464 0.25961538461538464 0.35336538461538464 0.25961538461538464 0.4735576923076923 0.1971153846153846 0.4735576923076923
10 0.3894230769230769 0.4831730769230769 0.44471153846153844 0.4831730769230769 0.44471153846153844 0.6033653846153846 0.3894230769230769 0.6033653846153846
10 0.40384615384615385 0.7307692307692307 0.46875 0.7307692307692307 0.46875 0.8581730769230769 0.40384615384615385 0.8581730769230769