2 0.18028846153846154 0.15384615384615385 0.2620192307692308 0.15384615384615385 0.2620192307692308 0.3581730769230769 0.18028846153846154 0.3581730769230769
5 0.25721153846153844 0.28846153846153844 0.33413461538461536 0.28846153846153844 0.33413461538461536 0.47836538461538464 0.25721153846153844 0.47836538461538464
6 0.11538461538461539 0.6971153846153846 0.20192307692307693 0.6971153846153846 0.20192307692307693 0.8413461538461539 0.11538461538461539 0.8413461538461539
6 0.22355769230769232 0 0.2860576923076923 0 0.2860576923076923 0.09375 0.22355769230769232 0.09375
1 0.6274038461538461 0.42788461538461536 0.6995192307692307 0.42788461538461536 0.6995192307692307 0.5817307692307693 0.6274038461538461 0.5817307692307693
1 0.31490384615384615 0 0.37259615384615385 0 0.37259615384615385 0.0985576923076923 0.31490384615384615 0.0985576923076923
3 0.36538461538461536 0.22596153846153846 0.43028846153846156 0.22596153846153846 0.43028846153846156 0.37740384615384615 0.36538461538461536 0.37740384615384615
3 0.3269230769230769 0.5649038461538461 0.4014423076923077 0.5649038461538461 0.4014423076923077 0.7091346153846154 0.3269230769230769 0.7091346153846154
4 0.3798076923076923 0.4543269230769231 0.44471153846153844 0.4543269230769231 0.44471153846153844 0.5769230769230769 0.3798076923076923 0.5769230769230769
4 0.23557692307692307 0.7091346153846154 0.30528846153846156 0.7091346153846154 0.30528846153846156 0.8293269230769231 0.23557692307692307 0.8293269230769231
4 0.2932692307692308 0.25 0.34134615384615385 0.25 0.34134615384615385 0.3629807692307692 0.2932692307692308 0.3629807692307692
4 0.39903846153846156 0.06971153846153846 0.44711538461538464 0.06971153846153846 0.44711538461538464 0.18509615384615385 0.39903846153846156 0.18509615384615385
4 0.46634615384615385 0 0.5192307692307693 0 0.5192307692307693 0.0889423076923077 0.46634615384615385 0.0889423076923077
4 0.4639423076923077 0.15865384615384615 0.5168269230769231 0.15865384615384615 0.5168269230769231 0.27403846153846156 0.4639423076923077 0.27403846153846156
4 0.6394230769230769 0.3557692307692308 0.6899038461538461 0.3557692307692308 0.6899038461538461 0.46634615384615385 0.6394230769230769 0.46634615384615385
4 0.44471153846153844 0.5793269230769231 0.5024038461538461 0.5793269230769231 0.5024038461538461 0.6995192307692307 0.44471153846153844 0.6995192307692307
12 0.7932692307692307 0 0.8509615384615384 0 0.8509615384615384 0.0889423076923077 0.7932692307692307 0.0889423076923077
12 0.6490384615384616 0.6778846153846154 0.7211538461538461 0.6778846153846154 0.7211538461538461 0.8317307692307693 0.6490384615384616 0.8317307692307693
11 0.7043269230769231 0.07932692307692307 0.78125 0.07932692307692307 0.78125 0.25721153846153844 0.7043269230769231 0.25721153846153844
8 0.8269230769230769 0.25721153846153844 0.9086538461538461 0.25721153846153844 0.9086538461538461 0.46153846153846156 0.8269230769230769 0.46153846153846156
7 0.8028846153846154 0.019230769230769232 0.8653846153846154 0.019230769230769232 0.8653846153846154 0.1658653846153846 0.8028846153846154 0.1658653846153846
7 0.8557692307692307 0.5576923076923077 0.9326923076923077 0.5576923076923077 0.9326923076923077 0.7043269230769231 0.8557692307692307 0.7043269230769231
9 0.8293269230769231 0.4375 0.9110576923076923 0.4375 0.9110576923076923 0.5793269230769231 0.8293269230769231 0.5793269230769231
9 0.6322115384615384 0.21394230769230768 0.6971153846153846 0.21394230769230768 0.6971153846153846 0.35096153846153844 0.6322115384615384 0.35096153846153844
10 0.5649038461538461 0.13701923076923078 0.6201923076923077 0.13701923076923078 0.6201923076923077 0.25240384615384615 0.5649038461538461 0.25240384615384615
10 0.5673076923076923 0 0.6225961538461539 0 0.6225961538461539 0.08413461538461539 0.5673076923076923 0.08413461538461539
10 0.7163461538461539 0.055288461538461536 0.7692307692307693 0.055288461538461536 0.7692307692307693 0.16105769230769232 0.7163461538461539 0.16105769230769232
10 0.7331730769230769 0.23557692307692307 0.7860576923076923 0.23557692307692307 0.7860576923076923 0.3485576923076923 0.7331730769230769 0.3485576923076923
10 0.7548076923076923 0.5769230769230769 0.8173076923076923 0.5769230769230769 0.8173076923076923 0.6995192307692307 0.7548076923076923 0.6995192307692307
10 0.7355769230769231 0.33413461538461536 0.7956730769230769 0.33413461538461536 0.7956730769230769 0.4519230769230769 0.7355769230769231 0.4519230769230769
10 0.5600961538461539 0.46634615384615385 0.6153846153846154 0.46634615384615385 0.6153846153846154 0.5865384615384616 0.5600961538461539 0.5865384615384616
10 0.5480769230769231 0.7091346153846154 0.6129807692307693 0.7091346153846154 0.6129807692307693 0.8341346153846154 0.5480769230769231 0.8341346153846154