6 0.7091346153846154 0 0.7716346153846154 0 0.7716346153846154 0.07932692307692307 0.7091346153846154 0.07932692307692307
6 0.8004807692307693 0.6923076923076923 0.8870192307692307 0.6923076923076923 0.8870192307692307 0.8389423076923077 0.8004807692307693 0.8389423076923077
2 0.7355769230769231 0.13942307692307693 0.8197115384615384 0.13942307692307693 0.8197115384615384 0.35096153846153844 0.7355769230769231 0.35096153846153844
5 0.6682692307692307 0.27403846153846156 0.7427884615384616 0.27403846153846156 0.7427884615384616 0.4543269230769231 0.6682692307692307 0.4543269230769231
4 0.65625 0.23557692307692307 0.7043269230769231 0.23557692307692307 0.7043269230769231 0.3485576923076923 0.65625 0.3485576923076923
4 0.6995192307692307 0.7043269230769231 0.7620192307692307 0.7043269230769231 0.7620192307692307 0.8245192307692307 0.6995192307692307 0.8245192307692307
3 0.7764423076923077 0.4423076923076923 0.8581730769230769 0.4423076923076923 0.8581730769230769 0.5793269230769231 0.7764423076923077 0.5793269230769231
3 0.5673076923076923 0.21394230769230768 0.6298076923076923 0.21394230769230768 0.6298076923076923 0.36538461538461536 0.5673076923076923 0.36538461538461536
1 0.6274038461538461 0 0.6826923076923077 0 0.6826923076923077 0.08173076923076923 0.6274038461538461 0.08173076923076923
1 0.4639423076923077 0.20673076923076922 0.5360576923076923 0.20673076923076922 0.5360576923076923 0.3581730769230769 0.4639423076923077 0.3581730769230769
4 0.47596153846153844 0 0.5240384615384616 0 0.5240384615384616 0.07451923076923077 0.47596153846153844 0.07451923076923077
4 0.5456730769230769 0.057692307692307696 0.5961538461538461 0.057692307692307696 0.5961538461538461 0.16826923076923078 0.5456730769230769 0.16826923076923078
4 0.4735576923076923 0.15144230769230768 0.5288461538461539 0.15144230769230768 0.5288461538461539 0.2668269230769231 0.4735576923076923 0.2668269230769231
4 0.4879807692307692 0.34615384615384615 0.5408653846153846 0.34615384615384615 0.5408653846153846 0.45913461538461536 0.4879807692307692 0.45913461538461536
4 0.5552884615384616 0.4495192307692308 0.6105769230769231 0.4495192307692308 0.6105769230769231 0.5721153846153846 0.5552884615384616 0.5721153846153846
4 0.4879807692307692 0.5793269230769231 0.5504807692307693 0.5793269230769231 0.5504807692307693 0.7043269230769231 0.4879807692307692 0.7043269230769231
9 0.28846153846153844 0.20432692307692307 0.3557692307692308 0.20432692307692307 0.3557692307692308 0.35096153846153844 0.28846153846153844 0.35096153846153844
9 0.0673076923076923 0.4423076923076923 0.15384615384615385 0.4423076923076923 0.15384615384615385 0.5841346153846154 0.0673076923076923 0.5841346153846154
8 0.07692307692307693 0.25961538461538464 0.16105769230769232 0.25961538461538464 0.16105769230769232 0.46875 0.07692307692307693 0.46875
7 0.04807692307692308 0.5673076923076923 0.125 0.5673076923076923 0.125 0.71875 0.04807692307692308 0.71875
7 0.11778846153846154 0.014423076923076924 0.18509615384615385 0.014423076923076924 0.18509615384615385 0.16105769230769232 0.11778846153846154 0.16105769230769232
12 0.13701923076923078 0 0.19230769230769232 0 0.19230769230769232 0.09134615384615384 0.13701923076923078 0.09134615384615384
12 0.2644230769230769 0.6875 0.34134615384615385 0.6875 0.34134615384615385 0.8389423076923077 0.2644230769230769 0.8389423076923077
10 0.16826923076923078 0.5865384615384616 0.2283653846153846 0.5865384615384616 0.2283653846153846 0.7043269230769231 0.16826923076923078 0.7043269230769231
10 0.18990384615384615 0.34134615384615385 0.25240384615384615 0.34134615384615385 0.25240384615384615 0.4519230769230769 0.18990384615384615 0.4519230769230769
10 0.1971153846153846 0.23798076923076922 0.2548076923076923 0.23798076923076922 0.2548076923076923 0.34615384615384615 0.1971153846153846 0.34615384615384615
11 0.20192307692307693 0.07451923076923077 0.28365384615384615 0.07451923076923077 0.28365384615384615 0.25240384615384615 0.20192307692307693 0.25240384615384615
10 0.22115384615384615 0.05048076923076923 0.2692307692307692 0.05048076923076923 0.2692307692307692 0.15144230769230768 0.22115384615384615 0.15144230769230768
10 0.3701923076923077 0 0.4230769230769231 0 0.4230769230769231 0.07451923076923077 0.3701923076923077 0.07451923076923077
10 0.3701923076923077 0.12980769230769232 0.4230769230769231 0.12980769230769232 0.4230769230769231 0.24278846153846154 0.3701923076923077 0.24278846153846154
10 0.3701923076923077 0.46634615384615385 0.43028846153846156 0.46634615384615385 0.43028846153846156 0.5865384615384616 0.3701923076923077 0.5865384615384616
10 0.3798076923076923 0.7115384615384616 0.44471153846153844 0.7115384615384616 0.44471153846153844 0.8365384615384616 0.3798076923076923 0.8365384615384616