6 0.7211538461538461 0.016826923076923076 0.7836538461538461 0.016826923076923076 0.7836538461538461 0.1466346153846154 0.7211538461538461 0.1466346153846154
6 0.8557692307692307 0.7524038461538461 0.9399038461538461 0.7524038461538461 0.9399038461538461 0.8966346153846154 0.8557692307692307 0.8966346153846154
2 0.7620192307692307 0.20432692307692307 0.84375 0.20432692307692307 0.84375 0.41346153846153844 0.7620192307692307 0.41346153846153844
5 0.7019230769230769 0.3389423076923077 0.7764423076923077 0.3389423076923077 0.7764423076923077 0.5168269230769231 0.7019230769230769 0.5168269230769231
4 0.6826923076923077 0.30288461538461536 0.7307692307692307 0.30288461538461536 0.7307692307692307 0.41346153846153844 0.6826923076923077 0.41346153846153844
4 0.7548076923076923 0.7644230769230769 0.8173076923076923 0.7644230769230769 0.8173076923076923 0.8822115384615384 0.7548076923076923 0.8822115384615384
3 0.8173076923076923 0.5048076923076923 0.8966346153846154 0.5048076923076923 0.8966346153846154 0.6394230769230769 0.8173076923076923 0.6394230769230769
3 0.5961538461538461 0.28125 0.6586538461538461 0.28125 0.6586538461538461 0.42788461538461536 0.5961538461538461 0.42788461538461536
1 0.6394230769230769 0.004807692307692308 0.6971153846153846 0.004807692307692308 0.6971153846153846 0.14903846153846154 0.6394230769230769 0.14903846153846154
1 0.4951923076923077 0.27403846153846156 0.5649038461538461 0.27403846153846156 0.5649038461538461 0.4230769230769231 0.4951923076923077 0.4230769230769231
4 0.4879807692307692 0.03365384615384615 0.5384615384615384 0.03365384615384615 0.5384615384615384 0.14182692307692307 0.4879807692307692 0.14182692307692307
4 0.5673076923076923 0.12259615384615384 0.6153846153846154 0.12259615384615384 0.6153846153846154 0.23317307692307693 0.5673076923076923 0.23317307692307693
4 0.5 0.21875 0.5528846153846154 0.21875 0.5528846153846154 0.3317307692307692 0.5 0.3317307692307692
4 0.5240384615384616 0.40865384615384615 0.5769230769230769 0.40865384615384615 0.5769230769230769 0.5216346153846154 0.5240384615384616 0.5216346153846154
4 0.5985576923076923 0.5144230769230769 0.6514423076923077 0.5144230769230769 0.6514423076923077 0.6322115384615384 0.5985576923076923 0.6322115384615384
4 0.5384615384615384 0.6418269230769231 0.5985576923076923 0.6418269230769231 0.5985576923076923 0.7644230769230769 0.5384615384615384 0.7644230769230769
9 0.31971153846153844 0.2692307692307692 0.3870192307692308 0.2692307692307692 0.3870192307692308 0.41586538461538464 0.31971153846153844 0.41586538461538464
9 0.11538461538461539 0.5048076923076923 0.19951923076923078 0.5048076923076923 0.19951923076923078 0.6466346153846154 0.11538461538461539 0.6466346153846154
8 0.11538461538461539 0.3245192307692308 0.1971153846153846 0.3245192307692308 0.1971153846153846 0.53125 0.11538461538461539 0.53125
7 0.10336538461538461 0.6274038461538461 0.18028846153846154 0.6274038461538461 0.18028846153846154 0.7764423076923077 0.10336538461538461 0.7764423076923077
7 0.14182692307692307 0.08413461538461539 0.20673076923076922 0.08413461538461539 0.20673076923076922 0.2283653846153846 0.14182692307692307 0.2283653846153846
12 0.15625 0.026442307692307692 0.21153846153846154 0.026442307692307692 0.21153846153846154 0.15625 0.15625 0.15625
12 0.3245192307692308 0.7475961538461539 0.4014423076923077 0.7475961538461539 0.4014423076923077 0.8966346153846154 0.3245192307692308 0.8966346153846154
10 0.22355769230769232 0.6466346153846154 0.28365384615384615 0.6466346153846154 0.28365384615384615 0.7644230769230769 0.22355769230769232 0.7644230769230769
10 0.2283653846153846 0.40625 0.29086538461538464 0.40625 0.29086538461538464 0.5144230769230769 0.2283653846153846 0.5144230769230769
10 0.23076923076923078 0.30288461538461536 0.28846153846153844 0.30288461538461536 0.28846153846153844 0.4110576923076923 0.23076923076923078 0.4110576923076923
11 0.2283653846153846 0.14182692307692307 0.3076923076923077 0.14182692307692307 0.3076923076923077 0.3173076923076923 0.2283653846153846 0.3173076923076923
10 0.24278846153846154 0.11778846153846154 0.29086538461538464 0.11778846153846154 0.29086538461538464 0.21875 0.24278846153846154 0.21875
10 0.3870192307692308 0.03365384615384615 0.4375 0.03365384615384615 0.4375 0.13942307692307693 0.3870192307692308 0.13942307692307693
10 0.3942307692307692 0.1971153846153846 0.44711538461538464 0.1971153846153846 0.44711538461538464 0.3076923076923077 0.3942307692307692 0.3076923076923077
10 0.41586538461538464 0.5288461538461539 0.4735576923076923 0.5288461538461539 0.4735576923076923 0.6466346153846154 0.41586538461538464 0.6466346153846154
10 0.4375 0.7716346153846154 0.5024038461538461 0.7716346153846154 0.5024038461538461 0.8918269230769231 0.4375 0.8918269230769231