2 0.18028846153846154 0.18990384615384615 0.25961538461538464 0.18990384615384615 0.25961538461538464 0.39663461538461536 0.18028846153846154 0.39663461538461536
3 0.36778846153846156 0.25240384615384615 0.4254807692307692 0.25240384615384615 0.4254807692307692 0.4014423076923077 0.36778846153846156 0.4014423076923077
3 0.5216346153846154 0.6899038461538461 0.5913461538461539 0.6899038461538461 0.5913461538461539 0.8557692307692307 0.5216346153846154 0.8557692307692307
6 0.3918269230769231 0 0.4495192307692308 0 0.4495192307692308 0.12740384615384615 0.3918269230769231 0.12740384615384615
6 0.43990384615384615 0.35096153846153844 0.5024038461538461 0.35096153846153844 0.5024038461538461 0.49278846153846156 0.43990384615384615 0.49278846153846156
4 0.21875 0.71875 0.28125 0.71875 0.28125 0.8461538461538461 0.21875 0.8461538461538461
4 0.27884615384615385 0.2764423076923077 0.33413461538461536 0.2764423076923077 0.33413461538461536 0.3894230769230769 0.27884615384615385 0.3894230769230769
4 0.3581730769230769 0.47115384615384615 0.4110576923076923 0.47115384615384615 0.4110576923076923 0.5913461538461539 0.3581730769230769 0.5913461538461539
4 0.4230769230769231 0.5961538461538461 0.4831730769230769 0.5961538461538461 0.4831730769230769 0.7163461538461539 0.4230769230769231 0.7163461538461539
4 0.4495192307692308 0.19471153846153846 0.5048076923076923 0.19471153846153846 0.5048076923076923 0.30288461538461536 0.4495192307692308 0.30288461538461536
4 0.47596153846153844 0.09615384615384616 0.5264423076923077 0.09615384615384616 0.5264423076923077 0.21153846153846154 0.47596153846153844 0.21153846153846154
1 0.36778846153846156 0.0673076923076923 0.4206730769230769 0.0673076923076923 0.4206730769230769 0.22115384615384615 0.36778846153846156 0.22115384615384615
1 0.6081730769230769 0.44711538461538464 0.6778846153846154 0.44711538461538464 0.6778846153846154 0.6009615384615384 0.6081730769230769 0.6009615384615384
11 0.6177884615384616 0.03365384615384615 0.6778846153846154 0.03365384615384615 0.6778846153846154 0.21634615384615385 0.6177884615384616 0.21634615384615385
9 0.7259615384615384 0.6923076923076923 0.8028846153846154 0.6923076923076923 0.8028846153846154 0.8605769230769231 0.7259615384615384 0.8605769230769231
9 0.6153846153846154 0.23557692307692307 0.6778846153846154 0.23557692307692307 0.6778846153846154 0.375 0.6153846153846154 0.375
7 0.6105769230769231 0.34134615384615385 0.6706730769230769 0.34134615384615385 0.6706730769230769 0.4855769230769231 0.6105769230769231 0.4855769230769231
7 0.7788461538461539 0.04807692307692308 0.8509615384615384 0.04807692307692308 0.8509615384615384 0.1971153846153846 0.7788461538461539 0.1971153846153846
12 0.7716346153846154 0 0.8293269230769231 0 0.8293269230769231 0.125 0.7716346153846154 0.125
8 0.7980769230769231 0.2764423076923077 0.8774038461538461 0.2764423076923077 0.8774038461538461 0.4855769230769231 0.7980769230769231 0.4855769230769231
10 0.5576923076923077 0.007211538461538462 0.6105769230769231 0.007211538461538462 0.6105769230769231 0.1201923076923077 0.5576923076923077 0.1201923076923077
10 0.6971153846153846 0.0889423076923077 0.75 0.0889423076923077 0.75 0.1971153846153846 0.6971153846153846 0.1971153846153846
10 0.7139423076923077 0.2644230769230769 0.7644230769230769 0.2644230769230769 0.7644230769230769 0.36778846153846156 0.7139423076923077 0.36778846153846156
10 0.7139423076923077 0.3581730769230769 0.7668269230769231 0.3581730769230769 0.7668269230769231 0.47115384615384615 0.7139423076923077 0.47115384615384615
10 0.7211538461538461 0.5913461538461539 0.78125 0.5913461538461539 0.78125 0.7115384615384616 0.7211538461538461 0.7115384615384616