2 0.7572115384615384 0.17548076923076922 0.8485576923076923 0.17548076923076922 0.8485576923076923 0.3942307692307692 0.7572115384615384 0.3942307692307692
3 0.5817307692307693 0.25 0.6490384615384616 0.25 0.6490384615384616 0.40865384615384615 0.5817307692307693 0.40865384615384615
3 0.3918269230769231 0.7211538461538461 0.47115384615384615 0.7211538461538461 0.47115384615384615 0.8966346153846154 0.3918269230769231 0.8966346153846154
6 0.5649038461538461 0 0.6322115384615384 0 0.6322115384615384 0.12259615384615384 0.5649038461538461 0.12259615384615384
6 0.49759615384615385 0.3581730769230769 0.5697115384615384 0.3581730769230769 0.5697115384615384 0.5096153846153846 0.49759615384615385 0.5096153846153846
4 0.7211538461538461 0.7379807692307693 0.7932692307692307 0.7379807692307693 0.7932692307692307 0.8725961538461539 0.7211538461538461 0.8725961538461539
4 0.6802884615384616 0.27163461538461536 0.7403846153846154 0.27163461538461536 0.7403846153846154 0.3918269230769231 0.6802884615384616 0.3918269230769231
4 0.59375 0.4831730769230769 0.6514423076923077 0.4831730769230769 0.6514423076923077 0.6105769230769231 0.59375 0.6105769230769231
4 0.5120192307692307 0.6177884615384616 0.5793269230769231 0.6177884615384616 0.5793269230769231 0.7427884615384616 0.5120192307692307 0.7427884615384616
4 0.5024038461538461 0.19471153846153846 0.5649038461538461 0.19471153846153846 0.5649038461538461 0.3076923076923077 0.5024038461538461 0.3076923076923077
4 0.4831730769230769 0.09134615384615384 0.5408653846153846 0.09134615384615384 0.5408653846153846 0.2091346153846154 0.4831730769230769 0.2091346153846154
1 0.59375 0.052884615384615384 0.65625 0.052884615384615384 0.65625 0.21634615384615385 0.59375 0.21634615384615385
1 0.31009615384615385 0.46875 0.3870192307692308 0.46875 0.3870192307692308 0.6298076923076923 0.31009615384615385 0.6298076923076923
11 0.32211538461538464 0.03125 0.3894230769230769 0.03125 0.3894230769230769 0.22355769230769232 0.32211538461538464 0.22355769230769232
9 0.17067307692307693 0.7331730769230769 0.25721153846153844 0.7331730769230769 0.25721153846153844 0.9110576923076923 0.17067307692307693 0.9110576923076923
9 0.3173076923076923 0.24519230769230768 0.3870192307692308 0.24519230769230768 0.3870192307692308 0.3918269230769231 0.3173076923076923 0.3918269230769231
7 0.3245192307692308 0.3557692307692308 0.3894230769230769 0.3557692307692308 0.3894230769230769 0.5072115384615384 0.3245192307692308 0.5072115384615384
7 0.13942307692307693 0.055288461538461536 0.22115384615384615 0.055288461538461536 0.22115384615384615 0.21153846153846154 0.13942307692307693 0.21153846153846154
12 0.16346153846153846 0.004807692307692308 0.23076923076923078 0.004807692307692308 0.23076923076923078 0.13701923076923078 0.16346153846153846 0.13701923076923078
8 0.10336538461538461 0.3004807692307692 0.19471153846153846 0.3004807692307692 0.19471153846153846 0.5192307692307693 0.10336538461538461 0.5192307692307693
10 0.39663461538461536 0 0.4567307692307692 0 0.4567307692307692 0.1201923076923077 0.39663461538461536 0.1201923076923077
10 0.24759615384615385 0.09375 0.3076923076923077 0.09375 0.3076923076923077 0.20673076923076922 0.24759615384615385 0.20673076923076922
10 0.22596153846153846 0.27884615384615385 0.28365384615384615 0.27884615384615385 0.28365384615384615 0.3894230769230769 0.22596153846153846 0.3894230769230769
10 0.21875 0.3798076923076923 0.28125 0.3798076923076923 0.28125 0.5 0.21875 0.5
10 0.1971153846153846 0.6274038461538461 0.2644230769230769 0.6274038461538461 0.2644230769230769 0.7524038461538461 0.1971153846153846 0.7524038461538461