1 0.22596153846153846 0.5216346153846154 0.3076923076923077 0.5216346153846154 0.3076923076923077 0.6682692307692307 0.22596153846153846 0.6682692307692307
2 0.12980769230769232 0.22355769230769232 0.22115384615384615 0.22355769230769232 0.22115384615384615 0.43990384615384615 0.12980769230769232 0.43990384615384615
5 0.3389423076923077 0.15865384615384615 0.40865384615384615 0.15865384615384615 0.40865384615384615 0.3485576923076923 0.3389423076923077 0.3485576923076923
6 0.08653846153846154 0.6514423076923077 0.1778846153846154 0.6514423076923077 0.1778846153846154 0.7956730769230769 0.08653846153846154 0.7956730769230769
6 0.35096153846153844 0 0.40625 0 0.40625 0.07451923076923077 0.35096153846153844 0.07451923076923077
4 0.27403846153846156 0.038461538461538464 0.3245192307692308 0.038461538461538464 0.3245192307692308 0.15144230769230768 0.27403846153846156 0.15144230769230768
4 0.2620192307692308 0.12740384615384615 0.3173076923076923 0.12740384615384615 0.3173076923076923 0.23798076923076922 0.2620192307692308 0.23798076923076922
4 0.23798076923076922 0.3125 0.3004807692307692 0.3125 0.3004807692307692 0.42788461538461536 0.23798076923076922 0.42788461538461536
4 0.23557692307692307 0.4230769230769231 0.2956730769230769 0.4230769230769231 0.2956730769230769 0.5384615384615384 0.23557692307692307 0.5384615384615384
4 0.3125 0.6682692307692307 0.37740384615384615 0.6682692307692307 0.37740384615384615 0.7932692307692307 0.3125 0.7932692307692307
4 0.42788461538461536 0 0.4807692307692308 0 0.4807692307692308 0.07211538461538461 0.42788461538461536 0.07211538461538461
4 0.43028846153846156 0.20673076923076922 0.4855769230769231 0.20673076923076922 0.4855769230769231 0.3173076923076923 0.43028846153846156 0.3173076923076923
3 0.3485576923076923 0.01201923076923077 0.40865384615384615 0.01201923076923077 0.40865384615384615 0.15625 0.3485576923076923 0.15625
3 0.5120192307692307 0.2860576923076923 0.5769230769230769 0.2860576923076923 0.5769230769230769 0.43990384615384615 0.5120192307692307 0.43990384615384615
11 0.5865384615384616 0.16346153846153846 0.6634615384615384 0.16346153846153846 0.6634615384615384 0.34615384615384615 0.5865384615384616 0.34615384615384615
12 0.71875 0.6586538461538461 0.7956730769230769 0.6586538461538461 0.7956730769230769 0.8004807692307693 0.71875 0.8004807692307693
12 0.7524038461538461 0 0.8221153846153846 0 0.8221153846153846 0.06009615384615385 0.7524038461538461 0.06009615384615385
8 0.7908653846153846 0.22355769230769232 0.875 0.22355769230769232 0.875 0.43028846153846156 0.7908653846153846 0.43028846153846156
7 0.8149038461538461 0.3870192307692308 0.8870192307692307 0.3870192307692308 0.8870192307692307 0.5336538461538461 0.8149038461538461 0.5336538461538461
9 0.5889423076923077 0.07451923076923077 0.6514423076923077 0.07451923076923077 0.6514423076923077 0.21394230769230768 0.5889423076923077 0.21394230769230768
9 0.8076923076923077 0.5072115384615384 0.8918269230769231 0.5072115384615384 0.8918269230769231 0.6610576923076923 0.8076923076923077 0.6610576923076923
10 0.5192307692307693 0.20673076923076922 0.5745192307692307 0.20673076923076922 0.5745192307692307 0.31971153846153844 0.5192307692307693 0.31971153846153844
10 0.6730769230769231 0 0.7307692307692307 0 0.7307692307692307 0.06009615384615385 0.6730769230769231 0.06009615384615385
10 0.6754807692307693 0.11778846153846154 0.7307692307692307 0.11778846153846154 0.7307692307692307 0.2283653846153846 0.6754807692307693 0.2283653846153846
10 0.6923076923076923 0.31971153846153844 0.7572115384615384 0.31971153846153844 0.7572115384615384 0.4326923076923077 0.6923076923076923 0.4326923076923077
10 0.7067307692307693 0.4326923076923077 0.7716346153846154 0.4326923076923077 0.7716346153846154 0.5432692307692307 0.7067307692307693 0.5432692307692307
10 0.7091346153846154 0.5384615384615384 0.7740384615384616 0.5384615384615384 0.7740384615384616 0.65625 0.7091346153846154 0.65625
10 0.5144230769230769 0.6634615384615384 0.5769230769230769 0.6634615384615384 0.5769230769230769 0.7908653846153846 0.5144230769230769 0.7908653846153846