9 0.5625 0.07692307692307693 0.625 0.07692307692307693 0.625 0.22355769230769232 0.5625 0.22355769230769232
9 0.7524038461538461 0.7259615384615384 0.8341346153846154 0.7259615384615384 0.8341346153846154 0.8918269230769231 0.7524038461538461 0.8918269230769231
8 0.8245192307692307 0.2980769230769231 0.9134615384615384 0.2980769230769231 0.9134615384615384 0.5216346153846154 0.8245192307692307 0.5216346153846154
11 0.6466346153846154 0.05048076923076923 0.71875 0.05048076923076923 0.71875 0.23317307692307693 0.6466346153846154 0.23317307692307693
12 0.7980769230769231 0.007211538461538462 0.8725961538461539 0.007211538461538462 0.8725961538461539 0.14423076923076922 0.7980769230769231 0.14423076923076922
7 0.8125 0.06490384615384616 0.8822115384615384 0.06490384615384616 0.8822115384615384 0.21875 0.8125 0.21875
7 0.6346153846153846 0.35096153846153844 0.7043269230769231 0.35096153846153844 0.7043269230769231 0.5048076923076923 0.6346153846153846 0.5048076923076923
10 0.5817307692307693 0.016826923076923076 0.6418269230769231 0.016826923076923076 0.6418269230769231 0.125 0.5817307692307693 0.125
10 0.7283653846153846 0.10096153846153846 0.7860576923076923 0.10096153846153846 0.7860576923076923 0.2091346153846154 0.7283653846153846 0.2091346153846154
10 0.7403846153846154 0.27403846153846156 0.8004807692307693 0.27403846153846156 0.8004807692307693 0.3942307692307692 0.7403846153846154 0.3942307692307692
10 0.75 0.6153846153846154 0.8100961538461539 0.6153846153846154 0.8100961538461539 0.7379807692307693 0.75 0.7379807692307693
10 0.7403846153846154 0.37740384615384615 0.7980769230769231 0.37740384615384615 0.7980769230769231 0.5024038461538461 0.7403846153846154 0.5024038461538461
2 0.19471153846153846 0.1875 0.28365384615384615 0.1875 0.28365384615384615 0.40384615384615385 0.19471153846153846 0.40384615384615385
3 0.3870192307692308 0.2548076923076923 0.4495192307692308 0.2548076923076923 0.4495192307692308 0.41346153846153844 0.3870192307692308 0.41346153846153844
3 0.5408653846153846 0.71875 0.6153846153846154 0.71875 0.6153846153846154 0.8798076923076923 0.5408653846153846 0.8798076923076923
6 0.4206730769230769 0 0.47836538461538464 0 0.47836538461538464 0.13221153846153846 0.4206730769230769 0.13221153846153846
6 0.4639423076923077 0.36538461538461536 0.5288461538461539 0.36538461538461536 0.5288461538461539 0.5120192307692307 0.4639423076923077 0.5120192307692307
1 0.3942307692307692 0.07211538461538461 0.44471153846153844 0.07211538461538461 0.44471153846153844 0.2283653846153846 0.3942307692307692 0.2283653846153846
1 0.6322115384615384 0.4735576923076923 0.6971153846153846 0.4735576923076923 0.6971153846153846 0.6298076923076923 0.6322115384615384 0.6298076923076923
4 0.47836538461538464 0.20432692307692307 0.53125 0.20432692307692307 0.53125 0.3173076923076923 0.47836538461538464 0.3173076923076923
4 0.5048076923076923 0.10817307692307693 0.5576923076923077 0.10817307692307693 0.5576923076923077 0.21634615384615385 0.5048076923076923 0.21634615384615385
4 0.2980769230769231 0.28846153846153844 0.35336538461538464 0.28846153846153844 0.35336538461538464 0.40384615384615385 0.2980769230769231 0.40384615384615385
4 0.2283653846153846 0.7403846153846154 0.2932692307692308 0.7403846153846154 0.2932692307692308 0.8653846153846154 0.2283653846153846 0.8653846153846154
4 0.3798076923076923 0.4807692307692308 0.43509615384615385 0.4807692307692308 0.43509615384615385 0.6129807692307693 0.3798076923076923 0.6129807692307693
4 0.4423076923076923 0.6105769230769231 0.5024038461538461 0.6105769230769231 0.5024038461538461 0.7403846153846154 0.4423076923076923 0.7403846153846154