9 0.5721153846153846 0.02403846153846154 0.6370192307692307 0.02403846153846154 0.6370192307692307 0.17548076923076922 0.5721153846153846 0.17548076923076922
9 0.7764423076923077 0.6754807692307693 0.8629807692307693 0.6754807692307693 0.8629807692307693 0.8485576923076923 0.7764423076923077 0.8485576923076923
8 0.8413461538461539 0.2403846153846154 0.9350961538461539 0.2403846153846154 0.9350961538461539 0.47115384615384615 0.8413461538461539 0.47115384615384615
11 0.6586538461538461 0 0.7307692307692307 0 0.7307692307692307 0.18269230769230768 0.6586538461538461 0.18269230769230768
12 0.8125 0 0.8870192307692307 0 0.8870192307692307 0.08653846153846154 0.8125 0.08653846153846154
7 0.8269230769230769 0.002403846153846154 0.8966346153846154 0.002403846153846154 0.8966346153846154 0.16105769230769232 0.8269230769230769 0.16105769230769232
7 0.6514423076923077 0.3004807692307692 0.7211538461538461 0.3004807692307692 0.7211538461538461 0.45913461538461536 0.6514423076923077 0.45913461538461536
10 0.5913461538461539 0 0.6538461538461539 0 0.6538461538461539 0.07451923076923077 0.5913461538461539 0.07451923076923077
10 0.7427884615384616 0.04326923076923077 0.8004807692307693 0.04326923076923077 0.8004807692307693 0.15384615384615385 0.7427884615384616 0.15384615384615385
10 0.7572115384615384 0.21875 0.8197115384615384 0.21875 0.8197115384615384 0.34134615384615385 0.7572115384615384 0.34134615384615385
10 0.7716346153846154 0.5625 0.8341346153846154 0.5625 0.8341346153846154 0.6899038461538461 0.7716346153846154 0.6899038461538461
10 0.7572115384615384 0.32211538461538464 0.8173076923076923 0.32211538461538464 0.8173076923076923 0.4519230769230769 0.7572115384615384 0.4519230769230769
2 0.20192307692307693 0.14903846153846154 0.2932692307692308 0.14903846153846154 0.2932692307692308 0.3701923076923077 0.20192307692307693 0.3701923076923077
3 0.39663461538461536 0.21153846153846154 0.45913461538461536 0.21153846153846154 0.45913461538461536 0.375 0.39663461538461536 0.375
3 0.5625 0.6754807692307693 0.6394230769230769 0.6754807692307693 0.6394230769230769 0.8413461538461539 0.5625 0.8413461538461539
6 0.42788461538461536 0 0.4855769230769231 0 0.4855769230769231 0.0889423076923077 0.42788461538461536 0.0889423076923077
6 0.47596153846153844 0.31971153846153844 0.5456730769230769 0.31971153846153844 0.5456730769230769 0.47115384615384615 0.47596153846153844 0.47115384615384615
1 0.39903846153846156 0.02403846153846154 0.4543269230769231 0.02403846153846154 0.4543269230769231 0.18509615384615385 0.39903846153846156 0.18509615384615385
1 0.6490384615384616 0.4230769230769231 0.71875 0.4230769230769231 0.71875 0.5841346153846154 0.6490384615384616 0.5841346153846154
4 0.49038461538461536 0.15625 0.5408653846153846 0.15625 0.5408653846153846 0.27163461538461536 0.49038461538461536 0.27163461538461536
4 0.5144230769230769 0.06009615384615385 0.5697115384615384 0.06009615384615385 0.5697115384615384 0.17067307692307693 0.5144230769230769 0.17067307692307693
4 0.30528846153846156 0.24759615384615385 0.3629807692307692 0.24759615384615385 0.3629807692307692 0.36778846153846156 0.30528846153846156 0.36778846153846156
4 0.24519230769230768 0.7091346153846154 0.31009615384615385 0.7091346153846154 0.31009615384615385 0.8389423076923077 0.24519230769230768 0.8389423076923077
4 0.3942307692307692 0.43990384615384615 0.4495192307692308 0.43990384615384615 0.4495192307692308 0.5793269230769231 0.3942307692307692 0.5793269230769231
4 0.45913461538461536 0.5697115384615384 0.5216346153846154 0.5697115384615384 0.5216346153846154 0.7043269230769231 0.45913461538461536 0.7043269230769231