9 0.5144230769230769 0.07692307692307693 0.5793269230769231 0.07692307692307693 0.5793269230769231 0.22596153846153846 0.5144230769230769 0.22596153846153846
9 0.6971153846153846 0.7331730769230769 0.78125 0.7331730769230769 0.78125 0.9014423076923077 0.6971153846153846 0.9014423076923077
8 0.7740384615384616 0.30288461538461536 0.8677884615384616 0.30288461538461536 0.8677884615384616 0.5288461538461539 0.7740384615384616 0.5288461538461539
11 0.6009615384615384 0.052884615384615384 0.6730769230769231 0.052884615384615384 0.6730769230769231 0.23798076923076922 0.6009615384615384 0.23798076923076922
12 0.7524038461538461 0.009615384615384616 0.8293269230769231 0.009615384615384616 0.8293269230769231 0.14903846153846154 0.7524038461538461 0.14903846153846154
7 0.7668269230769231 0.0673076923076923 0.8365384615384616 0.0673076923076923 0.8365384615384616 0.22355769230769232 0.7668269230769231 0.22355769230769232
7 0.5841346153846154 0.35336538461538464 0.6538461538461539 0.35336538461538464 0.6538461538461539 0.5096153846153846 0.5841346153846154 0.5096153846153846
10 0.5360576923076923 0.016826923076923076 0.5985576923076923 0.016826923076923076 0.5985576923076923 0.12740384615384615 0.5360576923076923 0.12740384615384615
10 0.6826923076923077 0.10336538461538461 0.7403846153846154 0.10336538461538461 0.7403846153846154 0.21153846153846154 0.6826923076923077 0.21153846153846154
10 0.6923076923076923 0.2764423076923077 0.7548076923076923 0.2764423076923077 0.7548076923076923 0.39903846153846156 0.6923076923076923 0.39903846153846156
10 0.6971153846153846 0.6201923076923077 0.7596153846153846 0.6201923076923077 0.7596153846153846 0.7427884615384616 0.6971153846153846 0.7427884615384616
10 0.6875 0.3798076923076923 0.75 0.3798076923076923 0.75 0.5072115384615384 0.6875 0.5072115384615384
2 0.14423076923076922 0.18509615384615385 0.23557692307692307 0.18509615384615385 0.23557692307692307 0.4014423076923077 0.14423076923076922 0.4014423076923077
3 0.33413461538461536 0.2548076923076923 0.39903846153846156 0.2548076923076923 0.39903846153846156 0.41346153846153844 0.33413461538461536 0.41346153846153844
3 0.4855769230769231 0.7211538461538461 0.5625 0.7211538461538461 0.5625 0.8846153846153846 0.4855769230769231 0.8846153846153846
6 0.37259615384615385 0.004807692307692308 0.4326923076923077 0.004807692307692308 0.4326923076923077 0.13221153846153846 0.37259615384615385 0.13221153846153846
6 0.4110576923076923 0.36778846153846156 0.47836538461538464 0.36778846153846156 0.47836538461538464 0.5144230769230769 0.4110576923076923 0.5144230769230769
1 0.34615384615384615 0.06971153846153846 0.39903846153846156 0.06971153846153846 0.39903846153846156 0.2283653846153846 0.34615384615384615 0.2283653846153846
1 0.5793269230769231 0.47596153846153844 0.6490384615384616 0.47596153846153844 0.6490384615384616 0.6322115384615384 0.5793269230769231 0.6322115384615384
4 0.43028846153846156 0.20192307692307693 0.4831730769230769 0.20192307692307693 0.4831730769230769 0.3173076923076923 0.43028846153846156 0.3173076923076923
4 0.4567307692307692 0.10817307692307693 0.5120192307692307 0.10817307692307693 0.5120192307692307 0.21634615384615385 0.4567307692307692 0.21634615384615385
4 0.24519230769230768 0.2860576923076923 0.30288461538461536 0.2860576923076923 0.30288461538461536 0.40384615384615385 0.24519230769230768 0.40384615384615385
4 0.17307692307692307 0.7379807692307693 0.23798076923076922 0.7379807692307693 0.23798076923076922 0.8677884615384616 0.17307692307692307 0.8677884615384616
4 0.3269230769230769 0.4807692307692308 0.38221153846153844 0.4807692307692308 0.38221153846153844 0.6153846153846154 0.3269230769230769 0.6153846153846154
4 0.3870192307692308 0.6129807692307693 0.4495192307692308 0.6129807692307693 0.4495192307692308 0.7427884615384616 0.3870192307692308 0.7427884615384616