1 0.5817307692307693 0.0625 0.6394230769230769 0.0625 0.6394230769230769 0.21634615384615385 0.5817307692307693 0.21634615384615385
2 0.7403846153846154 0.18509615384615385 0.8317307692307693 0.18509615384615385 0.8317307692307693 0.3870192307692308 0.7403846153846154 0.3870192307692308
3 0.19230769230769232 0.5625 0.2692307692307692 0.5625 0.2692307692307692 0.7235576923076923 0.19230769230769232 0.7235576923076923
3 0.31009615384615385 0.3485576923076923 0.38461538461538464 0.3485576923076923 0.38461538461538464 0.5048076923076923 0.31009615384615385 0.5048076923076923
4 0.7091346153846154 0.7307692307692307 0.7764423076923077 0.7307692307692307 0.7764423076923077 0.8533653846153846 0.7091346153846154 0.8533653846153846
4 0.6706730769230769 0.27403846153846156 0.7283653846153846 0.27403846153846156 0.7283653846153846 0.3918269230769231 0.6706730769230769 0.3918269230769231
4 0.5841346153846154 0.47596153846153844 0.6394230769230769 0.47596153846153844 0.6394230769230769 0.59375 0.5841346153846154 0.59375
4 0.5072115384615384 0.6057692307692307 0.5721153846153846 0.6057692307692307 0.5721153846153846 0.7331730769230769 0.5072115384615384 0.7331730769230769
6 0.5576923076923077 0 0.6153846153846154 0 0.6153846153846154 0.12740384615384615 0.5576923076923077 0.12740384615384615
6 0.4855769230769231 0.2668269230769231 0.5480769230769231 0.2668269230769231 0.5480769230769231 0.39903846153846156 0.4855769230769231 0.39903846153846156
12 0.16826923076923078 0.004807692307692308 0.2283653846153846 0.004807692307692308 0.2283653846153846 0.1346153846153846 0.16826923076923078 0.1346153846153846
4 0.39903846153846156 0.10817307692307693 0.4543269230769231 0.10817307692307693 0.4543269230769231 0.22596153846153846 0.39903846153846156 0.22596153846153846
8 0.11778846153846154 0.19230769230769232 0.2091346153846154 0.19230769230769232 0.2091346153846154 0.4014423076923077 0.11778846153846154 0.4014423076923077
9 0.17307692307692307 0.7163461538461539 0.2644230769230769 0.7163461538461539 0.2644230769230769 0.8774038461538461 0.17307692307692307 0.8774038461538461
7 0.14903846153846154 0.04567307692307692 0.22115384615384615 0.04567307692307692 0.22115384615384615 0.21153846153846154 0.14903846153846154 0.21153846153846154
11 0.3173076923076923 0.036057692307692304 0.3894230769230769 0.036057692307692304 0.3894230769230769 0.2283653846153846 0.3173076923076923 0.2283653846153846
10 0.24759615384615385 0.09375 0.30288461538461536 0.09375 0.30288461538461536 0.20673076923076922 0.24759615384615385 0.20673076923076922
10 0.22596153846153846 0.27163461538461536 0.2860576923076923 0.27163461538461536 0.2860576923076923 0.3894230769230769 0.22596153846153846 0.3894230769230769
10 0.22355769230769232 0.37259615384615385 0.2860576923076923 0.37259615384615385 0.2860576923076923 0.49038461538461536 0.22355769230769232 0.49038461538461536
10 0.3173076923076923 0.5 0.38221153846153844 0.5 0.38221153846153844 0.6201923076923077 0.3173076923076923 0.6201923076923077