5 0.46153846153846156 0.31971153846153844 0.5288461538461539 0.31971153846153844 0.5288461538461539 0.5144230769230769 0.46153846153846156 0.5144230769230769
3 0.3894230769230769 0.25 0.44711538461538464 0.25 0.44711538461538464 0.4014423076923077 0.3894230769230769 0.4014423076923077
3 0.33653846153846156 0.5817307692307693 0.40865384615384615 0.5817307692307693 0.40865384615384615 0.7451923076923077 0.33653846153846156 0.7451923076923077
2 0.19471153846153846 0.18990384615384615 0.27884615384615385 0.18990384615384615 0.27884615384615385 0.3942307692307692 0.19471153846153846 0.3942307692307692
6 0.24278846153846154 0 0.3004807692307692 0 0.3004807692307692 0.13221153846153846 0.24278846153846154 0.13221153846153846
6 0.11057692307692307 0.7259615384615384 0.19471153846153846 0.7259615384615384 0.19471153846153846 0.8725961538461539 0.11057692307692307 0.8725961538461539
4 0.2283653846153846 0.7331730769230769 0.2932692307692308 0.7331730769230769 0.2932692307692308 0.8629807692307693 0.2283653846153846 0.8629807692307693
4 0.2980769230769231 0.2764423076923077 0.35336538461538464 0.2764423076923077 0.35336538461538464 0.39663461538461536 0.2980769230769231 0.39663461538461536
4 0.41346153846153844 0.10336538461538461 0.46153846153846156 0.10336538461538461 0.46153846153846156 0.21394230769230768 0.41346153846153844 0.21394230769230768
4 0.375 0.4855769230769231 0.4326923076923077 0.4855769230769231 0.4326923076923077 0.5985576923076923 0.375 0.5985576923076923
4 0.4423076923076923 0.6105769230769231 0.5024038461538461 0.6105769230769231 0.5024038461538461 0.7307692307692307 0.4423076923076923 0.7307692307692307
4 0.47836538461538464 0.19230769230769232 0.5288461538461539 0.19230769230769232 0.5288461538461539 0.31490384615384615 0.47836538461538464 0.31490384615384615
1 0.3269230769230769 0 0.38461538461538464 0 0.38461538461538464 0.13701923076923078 0.3269230769230769 0.13701923076923078
1 0.6370192307692307 0.46153846153846156 0.6995192307692307 0.46153846153846156 0.6995192307692307 0.6153846153846154 0.6370192307692307 0.6153846153846154
12 0.8052884615384616 0 0.8629807692307693 0 0.8629807692307693 0.12980769230769232 0.8052884615384616 0.12980769230769232
8 0.8317307692307693 0.29086538461538464 0.9086538461538461 0.29086538461538464 0.9086538461538461 0.49759615384615385 0.8317307692307693 0.49759615384615385
9 0.6442307692307693 0.24759615384615385 0.7067307692307693 0.24759615384615385 0.7067307692307693 0.3942307692307692 0.6442307692307693 0.3942307692307692
9 0.8341346153846154 0.47115384615384615 0.9086538461538461 0.47115384615384615 0.9086538461538461 0.6201923076923077 0.8341346153846154 0.6201923076923077
7 0.8149038461538461 0.057692307692307696 0.875 0.057692307692307696 0.875 0.20432692307692307 0.8149038461538461 0.20432692307692307
7 0.8557692307692307 0.5913461538461539 0.9254807692307693 0.5913461538461539 0.9254807692307693 0.7379807692307693 0.8557692307692307 0.7379807692307693
11 0.7163461538461539 0.1201923076923077 0.7932692307692307 0.1201923076923077 0.7932692307692307 0.29086538461538464 0.7163461538461539 0.29086538461538464
10 0.7283653846153846 0.09375 0.78125 0.09375 0.78125 0.19951923076923078 0.7283653846153846 0.19951923076923078
10 0.5817307692307693 0.01201923076923077 0.6346153846153846 0.01201923076923077 0.6346153846153846 0.11778846153846154 0.5817307692307693 0.11778846153846154
10 0.5793269230769231 0.18028846153846154 0.6274038461538461 0.18028846153846154 0.6274038461538461 0.29086538461538464 0.5793269230769231 0.29086538461538464
10 0.7451923076923077 0.27403846153846156 0.7932692307692307 0.27403846153846156 0.7932692307692307 0.38461538461538464 0.7451923076923077 0.38461538461538464
10 0.7427884615384616 0.37740384615384615 0.7980769230769231 0.37740384615384615 0.7980769230769231 0.49278846153846156 0.7427884615384616 0.49278846153846156
10 0.7475961538461539 0.6129807692307693 0.8076923076923077 0.6129807692307693 0.8076923076923077 0.7355769230769231 0.7475961538461539 0.7355769230769231