5 0.4423076923076923 0.34375 0.5096153846153846 0.34375 0.5096153846153846 0.5336538461538461 0.4423076923076923 0.5336538461538461
3 0.37259615384615385 0.27403846153846156 0.42788461538461536 0.27403846153846156 0.42788461538461536 0.4230769230769231 0.37259615384615385 0.4230769230769231
3 0.32211538461538464 0.5961538461538461 0.3942307692307692 0.5961538461538461 0.3942307692307692 0.7548076923076923 0.32211538461538464 0.7548076923076923
2 0.18269230769230768 0.2091346153846154 0.2644230769230769 0.2091346153846154 0.2644230769230769 0.4110576923076923 0.18269230769230768 0.4110576923076923
6 0.22596153846153846 0.026442307692307692 0.2860576923076923 0.026442307692307692 0.2860576923076923 0.15865384615384615 0.22596153846153846 0.15865384615384615
6 0.10817307692307693 0.7259615384615384 0.18990384615384615 0.7259615384615384 0.18990384615384615 0.8701923076923077 0.10817307692307693 0.8701923076923077
4 0.22115384615384615 0.7379807692307693 0.2860576923076923 0.7379807692307693 0.2860576923076923 0.8653846153846154 0.22115384615384615 0.8653846153846154
4 0.28365384615384615 0.2980769230769231 0.3389423076923077 0.2980769230769231 0.3389423076923077 0.41586538461538464 0.28365384615384615 0.41586538461538464
4 0.3942307692307692 0.1346153846153846 0.4423076923076923 0.1346153846153846 0.4423076923076923 0.24278846153846154 0.3942307692307692 0.24278846153846154
4 0.3605769230769231 0.5024038461538461 0.41586538461538464 0.5024038461538461 0.41586538461538464 0.6129807692307693 0.3605769230769231 0.6129807692307693
4 0.42788461538461536 0.6274038461538461 0.4879807692307692 0.6274038461538461 0.4879807692307692 0.7427884615384616 0.42788461538461536 0.7427884615384616
4 0.4567307692307692 0.22355769230769232 0.5072115384615384 0.22355769230769232 0.5072115384615384 0.34134615384615385 0.4567307692307692 0.34134615384615385
1 0.31009615384615385 0.016826923076923076 0.36538461538461536 0.016826923076923076 0.36538461538461536 0.16346153846153846 0.31009615384615385 0.16346153846153846
1 0.6129807692307693 0.4879807692307692 0.6754807692307693 0.4879807692307692 0.6754807692307693 0.6394230769230769 0.6129807692307693 0.6394230769230769
12 0.7716346153846154 0.04326923076923077 0.8293269230769231 0.04326923076923077 0.8293269230769231 0.17548076923076922 0.7716346153846154 0.17548076923076922
8 0.8004807692307693 0.3293269230769231 0.8774038461538461 0.3293269230769231 0.8774038461538461 0.53125 0.8004807692307693 0.53125
9 0.6177884615384616 0.28125 0.6802884615384616 0.28125 0.6802884615384616 0.4230769230769231 0.6177884615384616 0.4230769230769231
9 0.8052884615384616 0.5048076923076923 0.8798076923076923 0.5048076923076923 0.8798076923076923 0.6490384615384616 0.8052884615384616 0.6490384615384616
7 0.78125 0.10336538461538461 0.8413461538461539 0.10336538461538461 0.8413461538461539 0.24759615384615385 0.78125 0.24759615384615385
7 0.8269230769230769 0.6201923076923077 0.8966346153846154 0.6201923076923077 0.8966346153846154 0.7668269230769231 0.8269230769230769 0.7668269230769231
11 0.6875 0.16105769230769232 0.7644230769230769 0.16105769230769232 0.7644230769230769 0.3269230769230769 0.6875 0.3269230769230769
10 0.6995192307692307 0.13701923076923078 0.75 0.13701923076923078 0.75 0.2403846153846154 0.6995192307692307 0.2403846153846154
10 0.5576923076923077 0.05048076923076923 0.6081730769230769 0.05048076923076923 0.6081730769230769 0.15384615384615385 0.5576923076923077 0.15384615384615385
10 0.5552884615384616 0.21394230769230768 0.6009615384615384 0.21394230769230768 0.6009615384615384 0.32211538461538464 0.5552884615384616 0.32211538461538464
10 0.7163461538461539 0.31009615384615385 0.7644230769230769 0.31009615384615385 0.7644230769230769 0.4182692307692308 0.7163461538461539 0.4182692307692308
10 0.7139423076923077 0.40865384615384615 0.7716346153846154 0.40865384615384615 0.7716346153846154 0.5240384615384616 0.7139423076923077 0.5240384615384616
10 0.7235576923076923 0.6394230769230769 0.7836538461538461 0.6394230769230769 0.7836538461538461 0.7572115384615384 0.7235576923076923 0.7572115384615384