5 0.47836538461538464 0.33653846153846156 0.5456730769230769 0.33653846153846156 0.5456730769230769 0.5264423076923077 0.47836538461538464 0.5264423076923077
3 0.5576923076923077 0.27163461538461536 0.6153846153846154 0.27163461538461536 0.6153846153846154 0.4206730769230769 0.5576923076923077 0.4206730769230769
3 0.5913461538461539 0.59375 0.6634615384615384 0.59375 0.6634615384615384 0.7524038461538461 0.5913461538461539 0.7524038461538461
2 0.7211538461538461 0.21634615384615385 0.8028846153846154 0.21634615384615385 0.8028846153846154 0.4182692307692308 0.7211538461538461 0.4182692307692308
6 0.7019230769230769 0.03365384615384615 0.7596153846153846 0.03365384615384615 0.7596153846153846 0.16346153846153846 0.7019230769230769 0.16346153846153846
6 0.7956730769230769 0.7355769230769231 0.8774038461538461 0.7355769230769231 0.8774038461538461 0.8798076923076923 0.7956730769230769 0.8798076923076923
4 0.6995192307692307 0.7403846153846154 0.7644230769230769 0.7403846153846154 0.7644230769230769 0.8677884615384616 0.6995192307692307 0.8677884615384616
4 0.6466346153846154 0.2980769230769231 0.7019230769230769 0.2980769230769231 0.7019230769230769 0.41586538461538464 0.6466346153846154 0.41586538461538464
4 0.5456730769230769 0.12980769230769232 0.5913461538461539 0.12980769230769232 0.5913461538461539 0.23798076923076922 0.5456730769230769 0.23798076923076922
4 0.5697115384615384 0.49759615384615385 0.6274038461538461 0.49759615384615385 0.6274038461538461 0.6081730769230769 0.5697115384615384 0.6081730769230769
4 0.5024038461538461 0.6177884615384616 0.5600961538461539 0.6177884615384616 0.5600961538461539 0.7355769230769231 0.5024038461538461 0.7355769230769231
4 0.4807692307692308 0.21394230769230768 0.53125 0.21394230769230768 0.53125 0.3317307692307692 0.4807692307692308 0.3317307692307692
1 0.6225961538461539 0.019230769230769232 0.6778846153846154 0.019230769230769232 0.6778846153846154 0.16346153846153846 0.6225961538461539 0.16346153846153846
1 0.31490384615384615 0.46875 0.375 0.46875 0.375 0.6201923076923077 0.31490384615384615 0.6201923076923077
12 0.16105769230769232 0.016826923076923076 0.21875 0.016826923076923076 0.21875 0.14903846153846154 0.16105769230769232 0.14903846153846154
8 0.11298076923076923 0.3004807692307692 0.1875 0.3004807692307692 0.1875 0.5024038461538461 0.11298076923076923 0.5024038461538461
9 0.3076923076923077 0.2644230769230769 0.3701923076923077 0.2644230769230769 0.3701923076923077 0.40625 0.3076923076923077 0.40625
9 0.11057692307692307 0.4735576923076923 0.18509615384615385 0.4735576923076923 0.18509615384615385 0.6201923076923077 0.11057692307692307 0.6201923076923077
7 0.1466346153846154 0.07692307692307693 0.20673076923076922 0.07692307692307693 0.20673076923076922 0.22115384615384615 0.1466346153846154 0.22115384615384615
7 0.09375 0.5889423076923077 0.16346153846153846 0.5889423076923077 0.16346153846153846 0.7331730769230769 0.09375 0.7331730769230769
11 0.22596153846153846 0.13701923076923078 0.3004807692307692 0.13701923076923078 0.3004807692307692 0.30288461538461536 0.22596153846153846 0.30288461538461536
10 0.23798076923076922 0.11298076923076923 0.28846153846153844 0.11298076923076923 0.28846153846153844 0.21634615384615385 0.23798076923076922 0.21634615384615385
10 0.3798076923076923 0.036057692307692304 0.4326923076923077 0.036057692307692304 0.4326923076923077 0.14182692307692307 0.3798076923076923 0.14182692307692307
10 0.3870192307692308 0.19951923076923078 0.4326923076923077 0.19951923076923078 0.4326923076923077 0.31009615384615385 0.3870192307692308 0.31009615384615385
10 0.22355769230769232 0.2860576923076923 0.27163461538461536 0.2860576923076923 0.27163461538461536 0.3942307692307692 0.22355769230769232 0.3942307692307692
10 0.21875 0.38461538461538464 0.27403846153846156 0.38461538461538464 0.27403846153846156 0.5 0.21875 0.5
10 0.20673076923076922 0.6129807692307693 0.2668269230769231 0.6129807692307693 0.2668269230769231 0.7331730769230769 0.20673076923076922 0.7331730769230769