2 0.1346153846153846 0.1658653846153846 0.2283653846153846 0.1658653846153846 0.2283653846153846 0.3894230769230769 0.1346153846153846 0.3894230769230769
6 0.19230769230769232 0 0.25721153846153844 0 0.25721153846153844 0.11778846153846154 0.19230769230769232 0.11778846153846154
6 0.09615384615384616 0.4567307692307692 0.17548076923076922 0.4567307692307692 0.17548076923076922 0.5985576923076923 0.09615384615384616 0.5985576923076923
1 0.27403846153846156 0.5793269230769231 0.3485576923076923 0.5793269230769231 0.3485576923076923 0.7475961538461539 0.27403846153846156 0.7475961538461539
1 0.3317307692307692 0.24278846153846154 0.39663461538461536 0.24278846153846154 0.39663461538461536 0.3942307692307692 0.3317307692307692 0.3942307692307692
5 0.40625 0.3173076923076923 0.47836538461538464 0.3173076923076923 0.47836538461538464 0.5096153846153846 0.40625 0.5096153846153846
4 0.42788461538461536 0.18509615384615385 0.4807692307692308 0.18509615384615385 0.4807692307692308 0.3004807692307692 0.42788461538461536 0.3004807692307692
4 0.16346153846153846 0.7331730769230769 0.2283653846153846 0.7331730769230769 0.2283653846153846 0.8629807692307693 0.16346153846153846 0.8629807692307693
4 0.2403846153846154 0.2668269230769231 0.2980769230769231 0.2668269230769231 0.2980769230769231 0.3870192307692308 0.2403846153846154 0.3870192307692308
4 0.31490384615384615 0.47836538461538464 0.3798076923076923 0.47836538461538464 0.3798076923076923 0.6009615384615384 0.31490384615384615 0.6009615384615384
4 0.38221153846153844 0.6129807692307693 0.44711538461538464 0.6129807692307693 0.44711538461538464 0.7355769230769231 0.38221153846153844 0.7355769230769231
4 0.4519230769230769 0.09134615384615384 0.5120192307692307 0.09134615384615384 0.5120192307692307 0.20192307692307693 0.4519230769230769 0.20192307692307693
1 0.3293269230769231 0.04807692307692308 0.4014423076923077 0.04807692307692308 0.4014423076923077 0.20673076923076922 0.3293269230769231 0.20673076923076922
1 0.5745192307692307 0.46153846153846156 0.6538461538461539 0.46153846153846156 0.6538461538461539 0.6129807692307693 0.5745192307692307 0.6129807692307693
11 0.5985576923076923 0.021634615384615384 0.6754807692307693 0.021634615384615384 0.6754807692307693 0.21634615384615385 0.5985576923076923 0.21634615384615385
12 0.7644230769230769 0.004807692307692308 0.8293269230769231 0.004807692307692308 0.8293269230769231 0.1201923076923077 0.7644230769230769 0.1201923076923077
9 0.6923076923076923 0.7283653846153846 0.7788461538461539 0.7283653846153846 0.7788461538461539 0.8894230769230769 0.6923076923076923 0.8894230769230769
9 0.59375 0.23798076923076922 0.6610576923076923 0.23798076923076922 0.6610576923076923 0.3798076923076923 0.59375 0.3798076923076923
7 0.5889423076923077 0.34615384615384615 0.6490384615384616 0.34615384615384615 0.6490384615384616 0.49038461538461536 0.5889423076923077 0.49038461538461536
7 0.7740384615384616 0.04807692307692308 0.8413461538461539 0.04807692307692308 0.8413461538461539 0.19951923076923078 0.7740384615384616 0.19951923076923078
8 0.7764423076923077 0.28846153846153844 0.8701923076923077 0.28846153846153844 0.8701923076923077 0.5120192307692307 0.7764423076923077 0.5120192307692307
10 0.5408653846153846 0.004807692307692308 0.5889423076923077 0.004807692307692308 0.5889423076923077 0.11538461538461539 0.5408653846153846 0.11538461538461539
10 0.53125 0.1658653846153846 0.5865384615384616 0.1658653846153846 0.5865384615384616 0.2860576923076923 0.53125 0.2860576923076923
10 0.6850961538461539 0.08413461538461539 0.7403846153846154 0.08413461538461539 0.7403846153846154 0.19951923076923078 0.6850961538461539 0.19951923076923078
10 0.6947115384615384 0.2644230769230769 0.7524038461538461 0.2644230769230769 0.7524038461538461 0.38461538461538464 0.6947115384615384 0.38461538461538464
10 0.6923076923076923 0.3701923076923077 0.7524038461538461 0.3701923076923077 0.7524038461538461 0.49278846153846156 0.6923076923076923 0.49278846153846156
10 0.6947115384615384 0.6129807692307693 0.7596153846153846 0.6129807692307693 0.7596153846153846 0.7403846153846154 0.6947115384615384 0.7403846153846154