2 0.7548076923076923 0.1971153846153846 0.84375 0.1971153846153846 0.84375 0.40865384615384615 0.7548076923076923 0.40865384615384615
6 0.7259615384615384 0.019230769230769232 0.7884615384615384 0.019230769230769232 0.7884615384615384 0.1466346153846154 0.7259615384615384 0.1466346153846154
6 0.8052884615384616 0.4735576923076923 0.8846153846153846 0.4735576923076923 0.8846153846153846 0.6129807692307693 0.8052884615384616 0.6129807692307693
1 0.6394230769230769 0.59375 0.7139423076923077 0.59375 0.7139423076923077 0.7548076923076923 0.6394230769230769 0.7548076923076923
1 0.5913461538461539 0.2668269230769231 0.65625 0.2668269230769231 0.65625 0.4110576923076923 0.5913461538461539 0.4110576923076923
5 0.5144230769230769 0.33653846153846156 0.5865384615384616 0.33653846153846156 0.5865384615384616 0.5240384615384616 0.5144230769230769 0.5240384615384616
4 0.5120192307692307 0.2091346153846154 0.5625 0.2091346153846154 0.5625 0.32211538461538464 0.5120192307692307 0.32211538461538464
4 0.7572115384615384 0.7403846153846154 0.8197115384615384 0.7403846153846154 0.8197115384615384 0.8653846153846154 0.7572115384615384 0.8653846153846154
4 0.6850961538461539 0.29086538461538464 0.7427884615384616 0.29086538461538464 0.7427884615384616 0.40625 0.6850961538461539 0.40625
4 0.6105769230769231 0.49278846153846156 0.6730769230769231 0.49278846153846156 0.6730769230769231 0.6129807692307693 0.6105769230769231 0.6129807692307693
4 0.5456730769230769 0.6225961538461539 0.6105769230769231 0.6225961538461539 0.6105769230769231 0.7403846153846154 0.5456730769230769 0.7403846153846154
4 0.4807692307692308 0.1201923076923077 0.5384615384615384 0.1201923076923077 0.5384615384615384 0.22596153846153846 0.4807692307692308 0.22596153846153846
1 0.5865384615384616 0.07932692307692307 0.65625 0.07932692307692307 0.65625 0.23317307692307693 0.5865384615384616 0.23317307692307693
1 0.3485576923076923 0.47596153846153844 0.4230769230769231 0.47596153846153844 0.4230769230769231 0.6201923076923077 0.3485576923076923 0.6201923076923077
11 0.3245192307692308 0.052884615384615384 0.39663461538461536 0.052884615384615384 0.39663461538461536 0.23798076923076922 0.3245192307692308 0.23798076923076922
12 0.17307692307692307 0.019230769230769232 0.23798076923076922 0.019230769230769232 0.23798076923076922 0.14182692307692307 0.17307692307692307 0.14182692307692307
9 0.22596153846153846 0.7307692307692307 0.3125 0.7307692307692307 0.3125 0.8846153846153846 0.22596153846153846 0.8846153846153846
9 0.3389423076923077 0.25961538461538464 0.40384615384615385 0.25961538461538464 0.40384615384615385 0.39663461538461536 0.3389423076923077 0.39663461538461536
7 0.35096153846153844 0.3629807692307692 0.4110576923076923 0.3629807692307692 0.4110576923076923 0.5 0.35096153846153844 0.5
7 0.1658653846153846 0.07451923076923077 0.23076923076923078 0.07451923076923077 0.23076923076923078 0.22115384615384615 0.1658653846153846 0.22115384615384615
8 0.13701923076923078 0.3076923076923077 0.2283653846153846 0.3076923076923077 0.2283653846153846 0.5192307692307693 0.13701923076923078 0.5192307692307693
10 0.40384615384615385 0.026442307692307692 0.4543269230769231 0.026442307692307692 0.4543269230769231 0.14182692307692307 0.40384615384615385 0.14182692307692307
10 0.4110576923076923 0.18990384615384615 0.4639423076923077 0.18990384615384615 0.4639423076923077 0.30528846153846156 0.4110576923076923 0.30528846153846156
10 0.25961538461538464 0.11057692307692307 0.31490384615384615 0.11057692307692307 0.31490384615384615 0.22115384615384615 0.25961538461538464 0.22115384615384615
10 0.25 0.28125 0.3076923076923077 0.28125 0.3076923076923077 0.39903846153846156 0.25 0.39903846153846156
10 0.25240384615384615 0.38461538461538464 0.31009615384615385 0.38461538461538464 0.31009615384615385 0.5024038461538461 0.25240384615384615 0.5024038461538461
10 0.24519230769230768 0.6177884615384616 0.31009615384615385 0.6177884615384616 0.31009615384615385 0.7403846153846154 0.24519230769230768 0.7403846153846154