7 0.7764423076923077 0.07211538461538461 0.84375 0.07211538461538461 0.84375 0.21153846153846154 0.7764423076923077 0.21153846153846154
7 0.6081730769230769 0.35096153846153844 0.6634615384615384 0.35096153846153844 0.6634615384615384 0.4831730769230769 0.6081730769230769 0.4831730769230769
9 0.7139423076923077 0.6995192307692307 0.7884615384615384 0.6995192307692307 0.7884615384615384 0.8557692307692307 0.7139423076923077 0.8557692307692307
9 0.6105769230769231 0.25 0.6730769230769231 0.25 0.6730769230769231 0.3870192307692308 0.6105769230769231 0.3870192307692308
11 0.6177884615384616 0.05048076923076923 0.6850961538461539 0.05048076923076923 0.6850961538461539 0.22596153846153846 0.6177884615384616 0.22596153846153846
8 0.7908653846153846 0.3004807692307692 0.8725961538461539 0.3004807692307692 0.8725961538461539 0.49759615384615385 0.7908653846153846 0.49759615384615385
12 0.7692307692307693 0.016826923076923076 0.8317307692307693 0.016826923076923076 0.8317307692307693 0.1466346153846154 0.7692307692307693 0.1466346153846154
10 0.5600961538461539 0.02403846153846154 0.6105769230769231 0.02403846153846154 0.6105769230769231 0.13221153846153846 0.5600961538461539 0.13221153846153846
10 0.7091346153846154 0.6009615384615384 0.7668269230769231 0.6009615384615384 0.7668269230769231 0.7139423076923077 0.7091346153846154 0.7139423076923077
10 0.6995192307692307 0.375 0.7620192307692307 0.375 0.7620192307692307 0.4831730769230769 0.6995192307692307 0.4831730769230769
10 0.7067307692307693 0.2764423076923077 0.7596153846153846 0.2764423076923077 0.7596153846153846 0.38461538461538464 0.7067307692307693 0.38461538461538464
10 0.6947115384615384 0.0985576923076923 0.7475961538461539 0.0985576923076923 0.7475961538461539 0.21394230769230768 0.6947115384615384 0.21394230769230768
1 0.37259615384615385 0.08173076923076923 0.4254807692307692 0.08173076923076923 0.4254807692307692 0.23076923076923078 0.37259615384615385 0.23076923076923078
1 0.6033653846153846 0.46153846153846156 0.6610576923076923 0.46153846153846156 0.6610576923076923 0.6033653846153846 0.6033653846153846 0.6033653846153846
3 0.5096153846153846 0.6947115384615384 0.5793269230769231 0.6947115384615384 0.5793269230769231 0.8485576923076923 0.5096153846153846 0.8485576923076923
3 0.3701923076923077 0.25961538461538464 0.43028846153846156 0.25961538461538464 0.43028846153846156 0.4014423076923077 0.3701923076923077 0.4014423076923077
2 0.18269230769230768 0.18990384615384615 0.2668269230769231 0.18990384615384615 0.2668269230769231 0.3894230769230769 0.18269230769230768 0.3894230769230769
6 0.4014423076923077 0.014423076923076924 0.4543269230769231 0.014423076923076924 0.4543269230769231 0.13701923076923078 0.4014423076923077 0.13701923076923078
6 0.1658653846153846 0.36778846153846156 0.2403846153846154 0.36778846153846156 0.2403846153846154 0.5 0.1658653846153846 0.5
4 0.21394230769230768 0.7235576923076923 0.2764423076923077 0.7235576923076923 0.2764423076923077 0.8389423076923077 0.21394230769230768 0.8389423076923077
4 0.28365384615384615 0.28365384615384615 0.33413461538461536 0.28365384615384615 0.33413461538461536 0.3918269230769231 0.28365384615384615 0.3918269230769231
4 0.4855769230769231 0.11538461538461539 0.53125 0.11538461538461539 0.53125 0.21634615384615385 0.4855769230769231 0.21634615384615385
4 0.45913461538461536 0.20673076923076922 0.5024038461538461 0.20673076923076922 0.5024038461538461 0.3125 0.45913461538461536 0.3125
4 0.3557692307692308 0.47596153846153844 0.4110576923076923 0.47596153846153844 0.4110576923076923 0.5913461538461539 0.3557692307692308 0.5913461538461539
4 0.4182692307692308 0.6057692307692307 0.47115384615384615 0.6057692307692307 0.47115384615384615 0.71875 0.4182692307692308 0.71875