11 0.2091346153846154 0.09375 0.2860576923076923 0.09375 0.2860576923076923 0.2668269230769231 0.2091346153846154 0.2668269230769231
2 0.7307692307692307 0.16105769230769232 0.8125 0.16105769230769232 0.8125 0.3629807692307692 0.7307692307692307 0.3629807692307692
1 0.6201923076923077 0 0.6754807692307693 0 0.6754807692307693 0.10336538461538461 0.6201923076923077 0.10336538461538461
6 0.7019230769230769 0 0.7620192307692307 0 0.7620192307692307 0.0985576923076923 0.7019230769230769 0.0985576923076923
4 0.6538461538461539 0.25721153846153844 0.7067307692307693 0.25721153846153844 0.7067307692307693 0.3629807692307692 0.6538461538461539 0.3629807692307692
6 0.8076923076923077 0.7019230769230769 0.8918269230769231 0.7019230769230769 0.8918269230769231 0.8461538461538461 0.8076923076923077 0.8461538461538461
4 0.7043269230769231 0.71875 0.7716346153846154 0.71875 0.7716346153846154 0.8341346153846154 0.7043269230769231 0.8341346153846154
3 0.6057692307692307 0.5769230769230769 0.6754807692307693 0.5769230769230769 0.6754807692307693 0.7163461538461539 0.6057692307692307 0.7163461538461539
3 0.5721153846153846 0.23798076923076922 0.6298076923076923 0.23798076923076922 0.6298076923076923 0.37740384615384615 0.5721153846153846 0.37740384615384615
5 0.4735576923076923 0.2980769230769231 0.5408653846153846 0.2980769230769231 0.5408653846153846 0.4807692307692308 0.4735576923076923 0.4807692307692308
4 0.49759615384615385 0.59375 0.5576923076923077 0.59375 0.5576923076923077 0.7115384615384616 0.49759615384615385 0.7115384615384616
4 0.5625 0.4639423076923077 0.6153846153846154 0.4639423076923077 0.6153846153846154 0.5817307692307693 0.5625 0.5817307692307693
4 0.5456730769230769 0.07932692307692307 0.5913461538461539 0.07932692307692307 0.5913461538461539 0.18269230769230768 0.5456730769230769 0.18269230769230768
4 0.47596153846153844 0 0.5168269230769231 0 0.5168269230769231 0.09615384615384616 0.47596153846153844 0.09615384615384616
4 0.47596153846153844 0.17067307692307693 0.5264423076923077 0.17067307692307693 0.5264423076923077 0.27884615384615385 0.47596153846153844 0.27884615384615385
4 0.3125 0.36778846153846156 0.3605769230769231 0.36778846153846156 0.3605769230769231 0.4807692307692308 0.3125 0.4807692307692308
1 0.3076923076923077 0.4423076923076923 0.36778846153846156 0.4423076923076923 0.36778846153846156 0.5889423076923077 0.3076923076923077 0.5889423076923077
8 0.09134615384615384 0.27403846153846156 0.1658653846153846 0.27403846153846156 0.1658653846153846 0.47836538461538464 0.09134615384615384 0.47836538461538464
12 0.13942307692307693 0 0.19471153846153846 0 0.19471153846153846 0.10336538461538461 0.13942307692307693 0.10336538461538461
9 0.2980769230769231 0.22596153846153846 0.3605769230769231 0.22596153846153846 0.3605769230769231 0.3629807692307692 0.2980769230769231 0.3629807692307692
9 0.0889423076923077 0.4543269230769231 0.16346153846153846 0.4543269230769231 0.16346153846153846 0.59375 0.0889423076923077 0.59375
7 0.12740384615384615 0.03125 0.18509615384615385 0.03125 0.18509615384615385 0.18028846153846154 0.12740384615384615 0.18028846153846154
7 0.07211538461538461 0.5721153846153846 0.14182692307692307 0.5721153846153846 0.14182692307692307 0.71875 0.07211538461538461 0.71875
10 0.22596153846153846 0.07211538461538461 0.27163461538461536 0.07211538461538461 0.27163461538461536 0.16826923076923078 0.22596153846153846 0.16826923076923078
10 0.20432692307692307 0.24759615384615385 0.25961538461538464 0.24759615384615385 0.25961538461538464 0.35336538461538464 0.20432692307692307 0.35336538461538464
10 0.18509615384615385 0.5913461538461539 0.24759615384615385 0.5913461538461539 0.24759615384615385 0.7115384615384616 0.18509615384615385 0.7115384615384616
10 0.20432692307692307 0.35336538461538464 0.25961538461538464 0.35336538461538464 0.25961538461538464 0.4639423076923077 0.20432692307692307 0.4639423076923077
10 0.37259615384615385 0 0.4230769230769231 0 0.4230769230769231 0.09375 0.37259615384615385 0.09375
10 0.37740384615384615 0.15144230769230768 0.4230769230769231 0.15144230769230768 0.4230769230769231 0.2620192307692308 0.37740384615384615 0.2620192307692308
10 0.3870192307692308 0.47836538461538464 0.4375 0.47836538461538464 0.4375 0.5913461538461539 0.3870192307692308 0.5913461538461539