11 0.7259615384615384 0.12740384615384615 0.8076923076923077 0.12740384615384615 0.8076923076923077 0.30288461538461536 0.7259615384615384 0.30288461538461536
2 0.20192307692307693 0.1875 0.28846153846153844 0.1875 0.28846153846153844 0.3894230769230769 0.20192307692307693 0.3894230769230769
1 0.33413461538461536 0.004807692307692308 0.3942307692307692 0.004807692307692308 0.3942307692307692 0.13221153846153846 0.33413461538461536 0.13221153846153846
6 0.25 0.004807692307692308 0.31009615384615385 0.004807692307692308 0.31009615384615385 0.125 0.25 0.125
4 0.31009615384615385 0.28365384615384615 0.36538461538461536 0.28365384615384615 0.36538461538461536 0.3918269230769231 0.31009615384615385 0.3918269230769231
6 0.1346153846153846 0.7259615384615384 0.22115384615384615 0.7259615384615384 0.22115384615384615 0.8701923076923077 0.1346153846153846 0.8701923076923077
4 0.2548076923076923 0.7451923076923077 0.3245192307692308 0.7451923076923077 0.3245192307692308 0.8605769230769231 0.2548076923076923 0.8605769230769231
3 0.34615384615384615 0.6033653846153846 0.4230769230769231 0.6033653846153846 0.4230769230769231 0.7427884615384616 0.34615384615384615 0.7427884615384616
3 0.3870192307692308 0.2668269230769231 0.4495192307692308 0.2668269230769231 0.4495192307692308 0.40865384615384615 0.3870192307692308 0.40865384615384615
5 0.47836538461538464 0.3269230769230769 0.5504807692307693 0.3269230769230769 0.5504807692307693 0.5120192307692307 0.47836538461538464 0.5120192307692307
4 0.46875 0.6225961538461539 0.53125 0.6225961538461539 0.53125 0.7427884615384616 0.46875 0.7427884615384616
4 0.40625 0.49278846153846156 0.46153846153846156 0.49278846153846156 0.46153846153846156 0.6105769230769231 0.40625 0.6105769230769231
4 0.4206730769230769 0.10817307692307693 0.46875 0.10817307692307693 0.46875 0.21394230769230768 0.4206730769230769 0.21394230769230768
4 0.4951923076923077 0.019230769230769232 0.5360576923076923 0.019230769230769232 0.5360576923076923 0.12740384615384615 0.4951923076923077 0.12740384615384615
4 0.49038461538461536 0.19951923076923078 0.5408653846153846 0.19951923076923078 0.5408653846153846 0.3076923076923077 0.49038461538461536 0.3076923076923077
4 0.6586538461538461 0.39903846153846156 0.7115384615384616 0.39903846153846156 0.7115384615384616 0.5144230769230769 0.6586538461538461 0.5144230769230769
1 0.6538461538461539 0.4735576923076923 0.71875 0.4735576923076923 0.71875 0.6225961538461539 0.6538461538461539 0.6225961538461539
8 0.8509615384615384 0.31009615384615385 0.9302884615384616 0.31009615384615385 0.9302884615384616 0.5168269230769231 0.8509615384615384 0.5168269230769231
12 0.8149038461538461 0.014423076923076924 0.8725961538461539 0.014423076923076924 0.8725961538461539 0.13942307692307693 0.8149038461538461 0.13942307692307693
9 0.65625 0.25961538461538464 0.7211538461538461 0.25961538461538464 0.7211538461538461 0.39663461538461536 0.65625 0.39663461538461536
9 0.8581730769230769 0.49038461538461536 0.9350961538461539 0.49038461538461536 0.9350961538461539 0.6298076923076923 0.8581730769230769 0.6298076923076923
7 0.8269230769230769 0.06971153846153846 0.8870192307692307 0.06971153846153846 0.8870192307692307 0.21875 0.8269230769230769 0.21875
7 0.8822115384615384 0.6105769230769231 0.9567307692307693 0.6105769230769231 0.9567307692307693 0.7572115384615384 0.8822115384615384 0.7572115384615384
10 0.7427884615384616 0.10576923076923077 0.7908653846153846 0.10576923076923077 0.7908653846153846 0.20432692307692307 0.7427884615384616 0.20432692307692307
10 0.7572115384615384 0.28365384615384615 0.8149038461538461 0.28365384615384615 0.8149038461538461 0.3894230769230769 0.7572115384615384 0.3894230769230769
10 0.7788461538461539 0.625 0.8413461538461539 0.625 0.8413461538461539 0.7475961538461539 0.7788461538461539 0.7475961538461539
10 0.7596153846153846 0.3870192307692308 0.8173076923076923 0.3870192307692308 0.8173076923076923 0.5 0.7596153846153846 0.5
10 0.5913461538461539 0.016826923076923076 0.6394230769230769 0.016826923076923076 0.6394230769230769 0.125 0.5913461538461539 0.125
10 0.5913461538461539 0.18269230769230768 0.6418269230769231 0.18269230769230768 0.6418269230769231 0.2932692307692308 0.5913461538461539 0.2932692307692308
10 0.5841346153846154 0.5120192307692307 0.6370192307692307 0.5120192307692307 0.6370192307692307 0.625 0.5841346153846154 0.625