2 0.2283653846153846 0.49278846153846156 0.3173076923076923 0.49278846153846156 0.3173076923076923 0.7019230769230769 0.2283653846153846 0.7019230769230769
6 0.11778846153846154 0.6706730769230769 0.1971153846153846 0.6706730769230769 0.1971153846153846 0.8221153846153846 0.11778846153846154 0.8221153846153846
3 0.5120192307692307 0.30528846153846156 0.5913461538461539 0.30528846153846156 0.5913461538461539 0.44471153846153844 0.5120192307692307 0.44471153846153844
5 0.3557692307692308 0.19230769230769232 0.4254807692307692 0.19230769230769232 0.4254807692307692 0.3798076923076923 0.3557692307692308 0.3798076923076923
4 0.28125 0.15865384615384615 0.33653846153846156 0.15865384615384615 0.33653846153846156 0.27884615384615385 0.28125 0.27884615384615385
4 0.4423076923076923 0.23557692307692307 0.4951923076923077 0.23557692307692307 0.4951923076923077 0.34615384615384615 0.4423076923076923 0.34615384615384615
4 0.34375 0.44711538461538464 0.3942307692307692 0.44711538461538464 0.3942307692307692 0.5625 0.34375 0.5625
12 0.31490384615384615 0.6442307692307693 0.3894230769230769 0.6442307692307693 0.3894230769230769 0.7908653846153846 0.31490384615384615 0.7908653846153846
9 0.4423076923076923 0.04567307692307692 0.5072115384615384 0.04567307692307692 0.5072115384615384 0.19230769230769232 0.4423076923076923 0.19230769230769232
8 0.6826923076923077 0.2403846153846154 0.7596153846153846 0.2403846153846154 0.7596153846153846 0.44711538461538464 0.6826923076923077 0.44711538461538464
12 0.7427884615384616 0 0.8028846153846154 0 0.8028846153846154 0.07692307692307693 0.7427884615384616 0.07692307692307693
11 0.5985576923076923 0.1778846153846154 0.65625 0.1778846153846154 0.65625 0.3581730769230769 0.5985576923076923 0.3581730769230769
10 0.5216346153846154 0.22355769230769232 0.5793269230769231 0.22355769230769232 0.5793269230769231 0.34375 0.5216346153846154 0.34375
10 0.6706730769230769 0 0.7235576923076923 0 0.7235576923076923 0.08413461538461539 0.6706730769230769 0.08413461538461539
10 0.6730769230769231 0.12980769230769232 0.7283653846153846 0.12980769230769232 0.7283653846153846 0.24278846153846154 0.6730769230769231 0.24278846153846154
10 0.7043269230769231 0.5288461538461539 0.7644230769230769 0.5288461538461539 0.7644230769230769 0.6442307692307693 0.7043269230769231 0.6442307692307693