2 0.7067307692307693 0.47115384615384615 0.7980769230769231 0.47115384615384615 0.7980769230769231 0.6875 0.7067307692307693 0.6875
6 0.8317307692307693 0.6538461538461539 0.9158653846153846 0.6538461538461539 0.9158653846153846 0.8100961538461539 0.8317307692307693 0.8100961538461539
3 0.4206730769230769 0.28846153846153844 0.5 0.28846153846153844 0.5 0.4326923076923077 0.4206730769230769 0.4326923076923077
5 0.5889423076923077 0.1658653846153846 0.6610576923076923 0.1658653846153846 0.6610576923076923 0.3581730769230769 0.5889423076923077 0.3581730769230769
4 0.6802884615384616 0.12740384615384615 0.7355769230769231 0.12740384615384615 0.7355769230769231 0.25240384615384615 0.6802884615384616 0.25240384615384615
4 0.5168269230769231 0.21394230769230768 0.5697115384615384 0.21394230769230768 0.5697115384615384 0.3269230769230769 0.5168269230769231 0.3269230769230769
4 0.625 0.42788461538461536 0.6778846153846154 0.42788461538461536 0.6778846153846154 0.5480769230769231 0.625 0.5480769230769231
12 0.6346153846153846 0.6322115384615384 0.7091346153846154 0.6322115384615384 0.7091346153846154 0.7836538461538461 0.6346153846153846 0.7836538461538461
9 0.5024038461538461 0.016826923076923076 0.5673076923076923 0.016826923076923076 0.5673076923076923 0.16826923076923078 0.5024038461538461 0.16826923076923078
8 0.24278846153846154 0.2283653846153846 0.32211538461538464 0.2283653846153846 0.32211538461538464 0.4423076923076923 0.24278846153846154 0.4423076923076923
12 0.19230769230769232 0 0.2548076923076923 0 0.2548076923076923 0.06009615384615385 0.19230769230769232 0.06009615384615385
11 0.3485576923076923 0.15865384615384615 0.40865384615384615 0.15865384615384615 0.40865384615384615 0.34375 0.3485576923076923 0.34375
10 0.42788461538461536 0.20432692307692307 0.4879807692307692 0.20432692307692307 0.4879807692307692 0.3293269230769231 0.42788461538461536 0.3293269230769231
10 0.27403846153846156 0 0.3317307692307692 0 0.3317307692307692 0.0673076923076923 0.27403846153846156 0.0673076923076923
10 0.27403846153846156 0.11298076923076923 0.3293269230769231 0.11298076923076923 0.3293269230769231 0.23076923076923078 0.27403846153846156 0.23076923076923078
10 0.24278846153846154 0.5288461538461539 0.30528846153846156 0.5288461538461539 0.30528846153846156 0.6466346153846154 0.24278846153846154 0.6466346153846154