6 0.13221153846153846 0.7115384615384616 0.21153846153846154 0.7115384615384616 0.21153846153846154 0.8533653846153846 0.13221153846153846 0.8533653846153846
2 0.3173076923076923 0.6370192307692307 0.4014423076923077 0.6370192307692307 0.4014423076923077 0.8461538461538461 0.3173076923076923 0.8461538461538461
5 0.37740384615384615 0.23798076923076922 0.4519230769230769 0.23798076923076922 0.4519230769230769 0.41346153846153844 0.37740384615384615 0.41346153846153844
4 0.30288461538461536 0.19951923076923078 0.3557692307692308 0.19951923076923078 0.3557692307692308 0.30528846153846156 0.30288461538461536 0.30528846153846156
4 0.3605769230769231 0.4879807692307692 0.4206730769230769 0.4879807692307692 0.4206730769230769 0.5985576923076923 0.3605769230769231 0.5985576923076923
4 0.46875 0.27884615384615385 0.5216346153846154 0.27884615384615385 0.5216346153846154 0.3894230769230769 0.46875 0.3894230769230769
8 0.6177884615384616 0.30528846153846156 0.6995192307692307 0.30528846153846156 0.6995192307692307 0.5024038461538461 0.6177884615384616 0.5024038461538461
12 0.7956730769230769 0.18269230769230768 0.8653846153846154 0.18269230769230768 0.8653846153846154 0.3076923076923077 0.7956730769230769 0.3076923076923077
10 0.7043269230769231 0.03125 0.7620192307692307 0.03125 0.7620192307692307 0.13701923076923078 0.7043269230769231 0.13701923076923078
10 0.6201923076923077 0.12259615384615384 0.6754807692307693 0.12259615384615384 0.6754807692307693 0.23317307692307693 0.6201923076923077 0.23317307692307693
10 0.5504807692307693 0.28365384615384615 0.6057692307692307 0.28365384615384615 0.6057692307692307 0.3918269230769231 0.5504807692307693 0.3918269230769231
10 0.7307692307692307 0.6057692307692307 0.7932692307692307 0.6057692307692307 0.7932692307692307 0.7283653846153846 0.7307692307692307 0.7283653846153846