2 0.7548076923076923 0.1875 0.8413461538461539 0.1875 0.8413461538461539 0.3894230769230769 0.7548076923076923 0.3894230769230769
5 0.5072115384615384 0.32211538461538464 0.5769230769230769 0.32211538461538464 0.5769230769230769 0.5048076923076923 0.5072115384615384 0.5048076923076923
1 0.6418269230769231 0.007211538461538462 0.7019230769230769 0.007211538461538462 0.7019230769230769 0.12980769230769232 0.6418269230769231 0.12980769230769232
6 0.7283653846153846 0.009615384615384616 0.7860576923076923 0.009615384615384616 0.7860576923076923 0.125 0.7283653846153846 0.125
6 0.8461538461538461 0.71875 0.9302884615384616 0.71875 0.9302884615384616 0.8605769230769231 0.8461538461538461 0.8605769230769231
4 0.7451923076923077 0.7283653846153846 0.8125 0.7283653846153846 0.8125 0.8461538461538461 0.7451923076923077 0.8461538461538461
3 0.6322115384615384 0.5745192307692307 0.7067307692307693 0.5745192307692307 0.7067307692307693 0.7307692307692307 0.6322115384615384 0.7307692307692307
3 0.5961538461538461 0.2548076923076923 0.6586538461538461 0.2548076923076923 0.6586538461538461 0.39663461538461536 0.5961538461538461 0.39663461538461536
4 0.6826923076923077 0.27884615384615385 0.7355769230769231 0.27884615384615385 0.7355769230769231 0.38461538461538464 0.6826923076923077 0.38461538461538464
4 0.5721153846153846 0.10336538461538461 0.6225961538461539 0.10336538461538461 0.6225961538461539 0.2091346153846154 0.5721153846153846 0.2091346153846154
4 0.5072115384615384 0.18990384615384615 0.5552884615384616 0.18990384615384615 0.5552884615384616 0.2980769230769231 0.5072115384615384 0.2980769230769231
4 0.6081730769230769 0.47836538461538464 0.6610576923076923 0.47836538461538464 0.6610576923076923 0.5913461538461539 0.6081730769230769 0.5913461538461539
4 0.5408653846153846 0.6081730769230769 0.5961538461538461 0.6081730769230769 0.5961538461538461 0.7235576923076923 0.5408653846153846 0.7235576923076923
4 0.34615384615384615 0.38461538461538464 0.39663461538461536 0.38461538461538464 0.39663461538461536 0.4879807692307692 0.34615384615384615 0.4879807692307692
1 0.34375 0.46153846153846156 0.40625 0.46153846153846156 0.40625 0.6081730769230769 0.34375 0.6081730769230769
10 0.2548076923076923 0.0889423076923077 0.30528846153846156 0.0889423076923077 0.30528846153846156 0.1971153846153846 0.2548076923076923 0.1971153846153846
11 0.2548076923076923 0.11298076923076923 0.3173076923076923 0.11298076923076923 0.3173076923076923 0.2860576923076923 0.2548076923076923 0.2860576923076923
8 0.13221153846153846 0.28846153846153844 0.2091346153846154 0.28846153846153844 0.2091346153846154 0.4855769230769231 0.13221153846153846 0.4855769230769231
9 0.13221153846153846 0.46153846153846156 0.21153846153846154 0.46153846153846156 0.21153846153846154 0.6033653846153846 0.13221153846153846 0.6033653846153846
7 0.15144230769230768 0.055288461538461536 0.22355769230769232 0.055288461538461536 0.22355769230769232 0.19471153846153846 0.15144230769230768 0.19471153846153846
7 0.1201923076923077 0.5841346153846154 0.18990384615384615 0.5841346153846154 0.18990384615384615 0.7283653846153846 0.1201923076923077 0.7283653846153846
9 0.33413461538461536 0.2403846153846154 0.39903846153846156 0.2403846153846154 0.39903846153846156 0.37740384615384615 0.33413461538461536 0.37740384615384615
12 0.1658653846153846 0.002403846153846154 0.23317307692307693 0.002403846153846154 0.23317307692307693 0.125 0.1658653846153846 0.125
10 0.39903846153846156 0.004807692307692308 0.4495192307692308 0.004807692307692308 0.4495192307692308 0.11538461538461539 0.39903846153846156 0.11538461538461539
10 0.40625 0.17307692307692307 0.4567307692307692 0.17307692307692307 0.4567307692307692 0.2860576923076923 0.40625 0.2860576923076923
10 0.24278846153846154 0.2668269230769231 0.2956730769230769 0.2668269230769231 0.2956730769230769 0.375 0.24278846153846154 0.375
10 0.2403846153846154 0.3701923076923077 0.2980769230769231 0.3701923076923077 0.2980769230769231 0.47836538461538464 0.2403846153846154 0.47836538461538464
10 0.2283653846153846 0.6009615384615384 0.2932692307692308 0.6009615384615384 0.2932692307692308 0.71875 0.2283653846153846 0.71875
10 0.4230769230769231 0.4951923076923077 0.47596153846153844 0.4951923076923077 0.47596153846153844 0.6057692307692307 0.4230769230769231 0.6057692307692307