2 0.19230769230769232 0.20192307692307693 0.2764423076923077 0.20192307692307693 0.2764423076923077 0.39903846153846156 0.19230769230769232 0.39903846153846156
5 0.4543269230769231 0.33653846153846156 0.5216346153846154 0.33653846153846156 0.5216346153846154 0.5120192307692307 0.4543269230769231 0.5120192307692307
1 0.32211538461538464 0.009615384615384616 0.3798076923076923 0.009615384615384616 0.3798076923076923 0.1466346153846154 0.32211538461538464 0.1466346153846154
6 0.2403846153846154 0.02403846153846154 0.2956730769230769 0.02403846153846154 0.2956730769230769 0.13942307692307693 0.2403846153846154 0.13942307692307693
6 0.125 0.71875 0.20673076923076922 0.71875 0.20673076923076922 0.8557692307692307 0.125 0.8557692307692307
4 0.2403846153846154 0.7283653846153846 0.30528846153846156 0.7283653846153846 0.30528846153846156 0.8413461538461539 0.2403846153846154 0.8413461538461539
3 0.33653846153846156 0.5793269230769231 0.4110576923076923 0.5793269230769231 0.4110576923076923 0.7307692307692307 0.33653846153846156 0.7307692307692307
3 0.37259615384615385 0.2692307692307692 0.4326923076923077 0.2692307692307692 0.4326923076923077 0.40625 0.37259615384615385 0.40625
4 0.2980769230769231 0.2932692307692308 0.34615384615384615 0.2932692307692308 0.34615384615384615 0.3942307692307692 0.2980769230769231 0.3942307692307692
4 0.4014423076923077 0.12259615384615384 0.4495192307692308 0.12259615384615384 0.4495192307692308 0.22355769230769232 0.4014423076923077 0.22355769230769232
4 0.46875 0.20673076923076922 0.5168269230769231 0.20673076923076922 0.5168269230769231 0.31009615384615385 0.46875 0.31009615384615385
4 0.37740384615384615 0.4855769230769231 0.42788461538461536 0.4855769230769231 0.42788461538461536 0.5961538461538461 0.37740384615384615 0.5961538461538461
4 0.4423076923076923 0.6105769230769231 0.49759615384615385 0.6105769230769231 0.49759615384615385 0.7211538461538461 0.4423076923076923 0.7211538461538461
4 0.6274038461538461 0.39663461538461536 0.6778846153846154 0.39663461538461536 0.6778846153846154 0.4951923076923077 0.6274038461538461 0.4951923076923077
1 0.6225961538461539 0.46875 0.6850961538461539 0.46875 0.6850961538461539 0.6129807692307693 0.6225961538461539 0.6129807692307693
10 0.7091346153846154 0.11057692307692307 0.7572115384615384 0.11057692307692307 0.7572115384615384 0.21634615384615385 0.7091346153846154 0.21634615384615385
11 0.6995192307692307 0.1346153846153846 0.7596153846153846 0.1346153846153846 0.7596153846153846 0.3004807692307692 0.6995192307692307 0.3004807692307692
8 0.8100961538461539 0.30528846153846156 0.8870192307692307 0.30528846153846156 0.8870192307692307 0.4951923076923077 0.8100961538461539 0.4951923076923077
9 0.8125 0.4735576923076923 0.8894230769230769 0.4735576923076923 0.8894230769230769 0.6105769230769231 0.8125 0.6105769230769231
7 0.7860576923076923 0.07932692307692307 0.8557692307692307 0.07932692307692307 0.8557692307692307 0.21394230769230768 0.7860576923076923 0.21394230769230768
7 0.8389423076923077 0.5913461538461539 0.90625 0.5913461538461539 0.90625 0.7283653846153846 0.8389423076923077 0.7283653846153846
9 0.6225961538461539 0.25961538461538464 0.6875 0.25961538461538464 0.6875 0.3894230769230769 0.6225961538461539 0.3894230769230769
12 0.7740384615384616 0.016826923076923076 0.8413461538461539 0.016826923076923076 0.8413461538461539 0.14423076923076922 0.7740384615384616 0.14423076923076922
10 0.5673076923076923 0.026442307692307692 0.6153846153846154 0.026442307692307692 0.6153846153846154 0.1346153846153846 0.5673076923076923 0.1346153846153846
10 0.5625 0.19230769230769232 0.6129807692307693 0.19230769230769232 0.6129807692307693 0.3004807692307692 0.5625 0.3004807692307692
10 0.7235576923076923 0.28365384615384615 0.7764423076923077 0.28365384615384615 0.7764423076923077 0.3870192307692308 0.7235576923076923 0.3870192307692308
10 0.7235576923076923 0.38221153846153844 0.78125 0.38221153846153844 0.78125 0.4879807692307692 0.7235576923076923 0.4879807692307692
10 0.7379807692307693 0.6081730769230769 0.8028846153846154 0.6081730769230769 0.8028846153846154 0.7211538461538461 0.7379807692307693 0.7211538461538461
10 0.5576923076923077 0.5048076923076923 0.6081730769230769 0.5048076923076923 0.6081730769230769 0.6129807692307693 0.5576923076923077 0.6129807692307693