9 0.21634615384615385 0.5625 0.29086538461538464 0.5625 0.29086538461538464 0.7331730769230769 0.21634615384615385 0.7331730769230769
2 0.7668269230769231 0.17067307692307693 0.8533653846153846 0.17067307692307693 0.8533653846153846 0.3870192307692308 0.7668269230769231 0.3870192307692308
6 0.5697115384615384 0 0.6298076923076923 0 0.6298076923076923 0.11778846153846154 0.5697115384615384 0.11778846153846154
1 0.5 0.12740384615384615 0.5600961538461539 0.12740384615384615 0.5600961538461539 0.28365384615384615 0.5 0.28365384615384615
4 0.41346153846153844 0.09615384615384616 0.46634615384615385 0.09615384615384616 0.46634615384615385 0.2091346153846154 0.41346153846153844 0.2091346153846154
4 0.6947115384615384 0.2668269230769231 0.7451923076923077 0.2668269230769231 0.7451923076923077 0.3870192307692308 0.6947115384615384 0.3870192307692308
4 0.6081730769230769 0.46634615384615385 0.6658653846153846 0.46634615384615385 0.6658653846153846 0.5961538461538461 0.6081730769230769 0.5961538461538461
4 0.5384615384615384 0.6033653846153846 0.5985576923076923 0.6033653846153846 0.5985576923076923 0.7283653846153846 0.5384615384615384 0.7283653846153846
9 0.43509615384615385 0.5649038461538461 0.5120192307692307 0.5649038461538461 0.5120192307692307 0.7307692307692307 0.43509615384615385 0.7307692307692307
7 0.42788461538461536 0.33413461538461536 0.49278846153846156 0.33413461538461536 0.49278846153846156 0.5 0.42788461538461536 0.5
8 0.12740384615384615 0.1778846153846154 0.2091346153846154 0.1778846153846154 0.2091346153846154 0.39903846153846156 0.12740384615384615 0.39903846153846156
12 0.4254807692307692 0 0.4831730769230769 0 0.4831730769230769 0.11538461538461539 0.4254807692307692 0.11538461538461539
11 0.3293269230769231 0.026442307692307692 0.3918269230769231 0.026442307692307692 0.3918269230769231 0.21634615384615385 0.3293269230769231 0.21634615384615385
10 0.25721153846153844 0.08413461538461539 0.3125 0.08413461538461539 0.3125 0.20192307692307693 0.25721153846153844 0.20192307692307693
10 0.23798076923076922 0.2692307692307692 0.3004807692307692 0.2692307692307692 0.3004807692307692 0.3870192307692308 0.23798076923076922 0.3870192307692308
10 0.33413461538461536 0.2548076923076923 0.3918269230769231 0.2548076923076923 0.3918269230769231 0.37740384615384615 0.33413461538461536 0.37740384615384615
10 0.34134615384615385 0.4879807692307692 0.4014423076923077 0.4879807692307692 0.4014423076923077 0.6225961538461539 0.34134615384615385 0.6225961538461539