6 0.8365384615384616 0.7043269230769231 0.9134615384615384 0.7043269230769231 0.9134615384615384 0.8509615384615384 0.8365384615384616 0.8509615384615384
2 0.7908653846153846 0.41586538461538464 0.8870192307692307 0.41586538461538464 0.8870192307692307 0.625 0.7908653846153846 0.625
5 0.5865384615384616 0.21153846153846154 0.6514423076923077 0.21153846153846154 0.6514423076923077 0.39903846153846156 0.5865384615384616 0.39903846153846156
3 0.41586538461538464 0.33413461538461536 0.4855769230769231 0.33413461538461536 0.4855769230769231 0.4807692307692308 0.41586538461538464 0.4807692307692308
4 0.6995192307692307 0.3701923076923077 0.7524038461538461 0.3701923076923077 0.7524038461538461 0.4855769230769231 0.6995192307692307 0.4855769230769231
4 0.6778846153846154 0.18028846153846154 0.7259615384615384 0.18028846153846154 0.7259615384615384 0.2956730769230769 0.6778846153846154 0.2956730769230769
4 0.6153846153846154 0.46634615384615385 0.6706730769230769 0.46634615384615385 0.6706730769230769 0.5913461538461539 0.6153846153846154 0.5913461538461539
4 0.5120192307692307 0.25961538461538464 0.5552884615384616 0.25961538461538464 0.5552884615384616 0.375 0.5120192307692307 0.375
4 0.3485576923076923 0.009615384615384616 0.39663461538461536 0.009615384615384616 0.39663461538461536 0.11778846153846154 0.3485576923076923 0.11778846153846154
11 0.34134615384615385 0.20432692307692307 0.40384615384615385 0.20432692307692307 0.40384615384615385 0.3894230769230769 0.34134615384615385 0.3894230769230769
8 0.23317307692307693 0.2692307692307692 0.3125 0.2692307692307692 0.3125 0.4807692307692308 0.23317307692307693 0.4807692307692308
9 0.33413461538461536 0.42788461538461536 0.3942307692307692 0.42788461538461536 0.3942307692307692 0.5865384615384616 0.33413461538461536 0.5865384615384616
7 0.4206730769230769 0.5456730769230769 0.4855769230769231 0.5456730769230769 0.4855769230769231 0.7091346153846154 0.4206730769230769 0.7091346153846154
9 0.4951923076923077 0.057692307692307696 0.5528846153846154 0.057692307692307696 0.5528846153846154 0.21153846153846154 0.4951923076923077 0.21153846153846154
12 0.6274038461538461 0.6802884615384616 0.7043269230769231 0.6802884615384616 0.7043269230769231 0.8389423076923077 0.6274038461538461 0.8389423076923077
12 0.1778846153846154 0.004807692307692308 0.23798076923076922 0.004807692307692308 0.23798076923076922 0.10336538461538461 0.1778846153846154 0.10336538461538461
10 0.4206730769230769 0.25721153846153844 0.4735576923076923 0.25721153846153844 0.4735576923076923 0.36778846153846156 0.4206730769230769 0.36778846153846156
10 0.2620192307692308 0.007211538461538462 0.31490384615384615 0.007211538461538462 0.31490384615384615 0.10096153846153846 0.2620192307692308 0.10096153846153846
10 0.2644230769230769 0.15865384615384615 0.3173076923076923 0.15865384615384615 0.3173076923076923 0.27163461538461536 0.2644230769230769 0.27163461538461536
10 0.23317307692307693 0.5697115384615384 0.2980769230769231 0.5697115384615384 0.2980769230769231 0.6947115384615384 0.23317307692307693 0.6947115384615384