6 0.8197115384615384 0.6899038461538461 0.8990384615384616 0.6899038461538461 0.8990384615384616 0.8317307692307693 0.8197115384615384 0.8317307692307693
2 0.7716346153846154 0.40625 0.8701923076923077 0.40625 0.8701923076923077 0.6105769230769231 0.7716346153846154 0.6105769230769231
5 0.5673076923076923 0.20673076923076922 0.6346153846153846 0.20673076923076922 0.6346153846153846 0.3918269230769231 0.5673076923076923 0.3918269230769231
3 0.39903846153846156 0.33413461538461536 0.47115384615384615 0.33413461538461536 0.47115384615384615 0.47596153846153844 0.39903846153846156 0.47596153846153844
4 0.6802884615384616 0.3605769230769231 0.7355769230769231 0.3605769230769231 0.7355769230769231 0.4735576923076923 0.6802884615384616 0.4735576923076923
4 0.65625 0.17548076923076922 0.7067307692307693 0.17548076923076922 0.7067307692307693 0.2860576923076923 0.65625 0.2860576923076923
4 0.5985576923076923 0.46153846153846156 0.65625 0.46153846153846156 0.65625 0.5817307692307693 0.5985576923076923 0.5817307692307693
4 0.49278846153846156 0.2548076923076923 0.5408653846153846 0.2548076923076923 0.5408653846153846 0.3701923076923077 0.49278846153846156 0.3701923076923077
4 0.3293269230769231 0.002403846153846154 0.37740384615384615 0.002403846153846154 0.37740384615384615 0.11778846153846154 0.3293269230769231 0.11778846153846154
11 0.3245192307692308 0.20673076923076922 0.3870192307692308 0.20673076923076922 0.3870192307692308 0.3894230769230769 0.3245192307692308 0.3894230769230769
8 0.21875 0.27403846153846156 0.3004807692307692 0.27403846153846156 0.3004807692307692 0.4807692307692308 0.21875 0.4807692307692308
9 0.32211538461538464 0.42788461538461536 0.38221153846153844 0.42788461538461536 0.38221153846153844 0.5841346153846154 0.32211538461538464 0.5841346153846154
7 0.40625 0.5432692307692307 0.47596153846153844 0.5432692307692307 0.47596153846153844 0.7019230769230769 0.40625 0.7019230769230769
9 0.47596153846153844 0.057692307692307696 0.5336538461538461 0.057692307692307696 0.5336538461538461 0.20673076923076922 0.47596153846153844 0.20673076923076922
12 0.6129807692307693 0.6682692307692307 0.6923076923076923 0.6682692307692307 0.6923076923076923 0.8245192307692307 0.6129807692307693 0.8245192307692307
12 0.16105769230769232 0 0.22355769230769232 0 0.22355769230769232 0.11057692307692307 0.16105769230769232 0.11057692307692307
10 0.40384615384615385 0.25721153846153844 0.4567307692307692 0.25721153846153844 0.4567307692307692 0.36538461538461536 0.40384615384615385 0.36538461538461536
10 0.24519230769230768 0.002403846153846154 0.2980769230769231 0.002403846153846154 0.2980769230769231 0.10336538461538461 0.24519230769230768 0.10336538461538461
10 0.24759615384615385 0.16346153846153846 0.30288461538461536 0.16346153846153846 0.30288461538461536 0.27163461538461536 0.24759615384615385 0.27163461538461536
10 0.22355769230769232 0.5697115384615384 0.28846153846153844 0.5697115384615384 0.28846153846153844 0.6923076923076923 0.22355769230769232 0.6923076923076923