9 0.19951923076923078 0.7620192307692307 0.3004807692307692 0.7620192307692307 0.3004807692307692 0.9375 0.19951923076923078 0.9375
7 0.4182692307692308 0.3798076923076923 0.49278846153846156 0.3798076923076923 0.49278846153846156 0.5528846153846154 0.4182692307692308 0.5528846153846154
11 0.3125 0.06009615384615385 0.38461538461538464 0.06009615384615385 0.38461538461538464 0.25961538461538464 0.3125 0.25961538461538464
8 0.11057692307692307 0.19951923076923078 0.20192307692307693 0.19951923076923078 0.20192307692307693 0.4423076923076923 0.11057692307692307 0.4423076923076923
12 0.14423076923076922 0.019230769230769232 0.21634615384615385 0.019230769230769232 0.21634615384615385 0.16346153846153846 0.14423076923076922 0.16346153846153846
10 0.23798076923076922 0.12259615384615384 0.3004807692307692 0.12259615384615384 0.3004807692307692 0.24278846153846154 0.23798076923076922 0.24278846153846154
10 0.22115384615384615 0.30288461538461536 0.2860576923076923 0.30288461538461536 0.2860576923076923 0.4206730769230769 0.22115384615384615 0.4206730769230769
10 0.2283653846153846 0.40625 0.2980769230769231 0.40625 0.2980769230769231 0.5288461538461539 0.2283653846153846 0.5288461538461539
10 0.3317307692307692 0.5336538461538461 0.40384615384615385 0.5336538461538461 0.40384615384615385 0.6682692307692307 0.3317307692307692 0.6682692307692307
2 0.7548076923076923 0.21634615384615385 0.8557692307692307 0.21634615384615385 0.8557692307692307 0.4519230769230769 0.7548076923076923 0.4519230769230769
6 0.5576923076923077 0.03365384615384615 0.6177884615384616 0.03365384615384615 0.6177884615384616 0.17067307692307693 0.5576923076923077 0.17067307692307693
6 0.32211538461538464 0.2956730769230769 0.3942307692307692 0.2956730769230769 0.3942307692307692 0.44471153846153844 0.32211538461538464 0.44471153846153844
3 0.3173076923076923 0.3894230769230769 0.39663461538461536 0.3894230769230769 0.39663461538461536 0.5528846153846154 0.3173076923076923 0.5528846153846154
3 0.21394230769230768 0.6009615384615384 0.29086538461538464 0.6009615384615384 0.29086538461538464 0.7764423076923077 0.21394230769230768 0.7764423076923077
1 0.4879807692307692 0.17548076923076922 0.5576923076923077 0.17548076923076922 0.5576923076923077 0.34615384615384615 0.4879807692307692 0.34615384615384615
4 0.3942307692307692 0.13701923076923078 0.4519230769230769 0.13701923076923078 0.4519230769230769 0.25721153846153844 0.3942307692307692 0.25721153846153844
4 0.6875 0.32211538461538464 0.7475961538461539 0.32211538461538464 0.7475961538461539 0.4375 0.6875 0.4375
4 0.6081730769230769 0.5240384615384616 0.6730769230769231 0.5240384615384616 0.6730769230769231 0.65625 0.6081730769230769 0.65625
4 0.5432692307692307 0.6610576923076923 0.6105769230769231 0.6610576923076923 0.6105769230769231 0.7908653846153846 0.5432692307692307 0.7908653846153846