9 0.14903846153846154 0.75 0.24519230769230768 0.75 0.24519230769230768 0.9206730769230769 0.14903846153846154 0.9206730769230769
7 0.37259615384615385 0.36778846153846156 0.44471153846153844 0.36778846153846156 0.44471153846153844 0.5360576923076923 0.37259615384615385 0.5360576923076923
11 0.27403846153846156 0.055288461538461536 0.34134615384615385 0.055288461538461536 0.34134615384615385 0.25 0.27403846153846156 0.25
8 0.06971153846153846 0.1971153846153846 0.15865384615384615 0.1971153846153846 0.15865384615384615 0.43509615384615385 0.06971153846153846 0.43509615384615385
12 0.11057692307692307 0.019230769230769232 0.17548076923076922 0.019230769230769232 0.17548076923076922 0.16105769230769232 0.11057692307692307 0.16105769230769232
10 0.19951923076923078 0.1201923076923077 0.25721153846153844 0.1201923076923077 0.25721153846153844 0.23557692307692307 0.19951923076923078 0.23557692307692307
10 0.18028846153846154 0.2956730769230769 0.24278846153846154 0.2956730769230769 0.24278846153846154 0.41346153846153844 0.18028846153846154 0.41346153846153844
10 0.18269230769230768 0.39903846153846156 0.25 0.39903846153846156 0.25 0.5192307692307693 0.18269230769230768 0.5192307692307693
10 0.28365384615384615 0.5240384615384616 0.35336538461538464 0.5240384615384616 0.35336538461538464 0.6538461538461539 0.28365384615384615 0.6538461538461539
2 0.7091346153846154 0.1971153846153846 0.8052884615384616 0.1971153846153846 0.8052884615384616 0.4254807692307692 0.7091346153846154 0.4254807692307692
6 0.5168269230769231 0.019230769230769232 0.5745192307692307 0.019230769230769232 0.5745192307692307 0.15625 0.5168269230769231 0.15625
6 0.27884615384615385 0.28846153846153844 0.34615384615384615 0.28846153846153844 0.34615384615384615 0.4326923076923077 0.27884615384615385 0.4326923076923077
3 0.27403846153846156 0.3798076923076923 0.3485576923076923 0.3798076923076923 0.3485576923076923 0.5408653846153846 0.27403846153846156 0.5408653846153846
3 0.16826923076923078 0.5913461538461539 0.2403846153846154 0.5913461538461539 0.2403846153846154 0.7644230769230769 0.16826923076923078 0.7644230769230769
1 0.44711538461538464 0.16346153846153846 0.5120192307692307 0.16346153846153846 0.5120192307692307 0.3293269230769231 0.44711538461538464 0.3293269230769231
4 0.35336538461538464 0.12980769230769232 0.40865384615384615 0.12980769230769232 0.40865384615384615 0.24519230769230768 0.35336538461538464 0.24519230769230768
4 0.6394230769230769 0.30288461538461536 0.6971153846153846 0.30288461538461536 0.6971153846153846 0.41586538461538464 0.6394230769230769 0.41586538461538464
4 0.5576923076923077 0.5048076923076923 0.6201923076923077 0.5048076923076923 0.6201923076923077 0.6346153846153846 0.5576923076923077 0.6346153846153846
4 0.49278846153846156 0.6442307692307693 0.5552884615384616 0.6442307692307693 0.5552884615384616 0.7692307692307693 0.49278846153846156 0.7692307692307693