5 0.75 0.1971153846153846 0.8293269230769231 0.1971153846153846 0.8293269230769231 0.36538461538461536 0.75 0.36538461538461536
2 0.75 0.25721153846153844 0.8365384615384616 0.25721153846153844 0.8365384615384616 0.4543269230769231 0.75 0.4543269230769231
1 0.7427884615384616 0.12980769230769232 0.8004807692307693 0.12980769230769232 0.8004807692307693 0.2644230769230769 0.7427884615384616 0.2644230769230769
1 0.7740384615384616 0.4206730769230769 0.8389423076923077 0.4206730769230769 0.8389423076923077 0.5552884615384616 0.7740384615384616 0.5552884615384616
3 0.7259615384615384 0.055288461538461536 0.7884615384615384 0.055288461538461536 0.7884615384615384 0.1778846153846154 0.7259615384615384 0.1778846153846154
3 0.7860576923076923 0.5432692307692307 0.8653846153846154 0.5432692307692307 0.8653846153846154 0.6706730769230769 0.7860576923076923 0.6706730769230769
6 0.7283653846153846 0 0.78125 0 0.78125 0.0985576923076923 0.7283653846153846 0.0985576923076923
6 0.7980769230769231 0.6658653846153846 0.875 0.6658653846153846 0.875 0.7956730769230769 0.7980769230769231 0.7956730769230769
4 0.7019230769230769 0.6826923076923077 0.7596153846153846 0.6826923076923077 0.7596153846153846 0.7884615384615384 0.7019230769230769 0.7884615384615384
4 0.6899038461538461 0.5576923076923077 0.7475961538461539 0.5576923076923077 0.7475961538461539 0.6610576923076923 0.6899038461538461 0.6610576923076923
4 0.6826923076923077 0.4519230769230769 0.7379807692307693 0.4519230769230769 0.7379807692307693 0.5528846153846154 0.6826923076923077 0.5528846153846154
4 0.6754807692307693 0.34615384615384615 0.7235576923076923 0.34615384615384615 0.7235576923076923 0.44471153846153844 0.6754807692307693 0.44471153846153844
4 0.6658653846153846 0.24519230769230768 0.7139423076923077 0.24519230769230768 0.7139423076923077 0.34375 0.6658653846153846 0.34375
4 0.6538461538461539 0.16346153846153846 0.7043269230769231 0.16346153846153846 0.7043269230769231 0.25961538461538464 0.6538461538461539 0.25961538461538464
4 0.6514423076923077 0.07932692307692307 0.6971153846153846 0.07932692307692307 0.6971153846153846 0.17548076923076922 0.6514423076923077 0.17548076923076922
4 0.6490384615384616 0 0.6923076923076923 0 0.6923076923076923 0.09134615384615384 0.6490384615384616 0.09134615384615384
11 0.14423076923076922 0.1875 0.21394230769230768 0.1875 0.21394230769230768 0.3605769230769231 0.14423076923076922 0.3605769230769231
8 0.12259615384615384 0.2620192307692308 0.1971153846153846 0.2620192307692308 0.1971153846153846 0.4639423076923077 0.12259615384615384 0.4639423076923077
7 0.15625 0.12980769230769232 0.21153846153846154 0.12980769230769232 0.21153846153846154 0.2644230769230769 0.15625 0.2644230769230769
7 0.10817307692307693 0.4206730769230769 0.17307692307692307 0.4206730769230769 0.17307692307692307 0.5649038461538461 0.10817307692307693 0.5649038461538461
9 0.16105769230769232 0.055288461538461536 0.22355769230769232 0.055288461538461536 0.22355769230769232 0.18269230769230768 0.16105769230769232 0.18269230769230768
9 0.0985576923076923 0.5600961538461539 0.17067307692307693 0.5600961538461539 0.17067307692307693 0.6971153846153846 0.0985576923076923 0.6971153846153846
12 0.1778846153846154 0 0.23317307692307693 0 0.23317307692307693 0.0985576923076923 0.1778846153846154 0.0985576923076923
12 0.07451923076923077 0.6875 0.15144230769230768 0.6875 0.15144230769230768 0.8293269230769231 0.07451923076923077 0.8293269230769231
10 0.2548076923076923 0 0.30288461538461536 0 0.30288461538461536 0.09134615384615384 0.2548076923076923 0.09134615384615384
10 0.25240384615384615 0.08173076923076923 0.30288461538461536 0.08173076923076923 0.30288461538461536 0.17548076923076922 0.25240384615384615 0.17548076923076922
10 0.25 0.1658653846153846 0.2980769230769231 0.1658653846153846 0.2980769230769231 0.2668269230769231 0.25 0.2668269230769231
10 0.23798076923076922 0.25 0.2932692307692308 0.25 0.2932692307692308 0.35336538461538464 0.23798076923076922 0.35336538461538464
10 0.23076923076923078 0.35336538461538464 0.29086538461538464 0.35336538461538464 0.29086538461538464 0.45913461538461536 0.23076923076923078 0.45913461538461536
10 0.21875 0.46153846153846156 0.2764423076923077 0.46153846153846156 0.2764423076923077 0.5649038461538461 0.21875 0.5649038461538461
10 0.21634615384615385 0.5600961538461539 0.27403846153846156 0.5600961538461539 0.27403846153846156 0.6730769230769231 0.21634615384615385 0.6730769230769231
10 0.20192307692307693 0.6826923076923077 0.25961538461538464 0.6826923076923077 0.25961538461538464 0.8004807692307693 0.20192307692307693 0.8004807692307693