5 0.1466346153846154 0.18990384615384615 0.22596153846153846 0.18990384615384615 0.22596153846153846 0.36538461538461536 0.1466346153846154 0.36538461538461536
2 0.13701923076923078 0.25240384615384615 0.21875 0.25240384615384615 0.21875 0.4567307692307692 0.13701923076923078 0.4567307692307692
1 0.18028846153846154 0.1201923076923077 0.23557692307692307 0.1201923076923077 0.23557692307692307 0.25961538461538464 0.18028846153846154 0.25961538461538464
1 0.12980769230769232 0.4230769230769231 0.19471153846153846 0.4230769230769231 0.19471153846153846 0.5625 0.12980769230769232 0.5625
3 0.19471153846153846 0.04326923076923077 0.2548076923076923 0.04326923076923077 0.2548076923076923 0.17067307692307693 0.19471153846153846 0.17067307692307693
3 0.0985576923076923 0.5504807692307693 0.1778846153846154 0.5504807692307693 0.1778846153846154 0.6826923076923077 0.0985576923076923 0.6826923076923077
6 0.20192307692307693 0.002403846153846154 0.2548076923076923 0.002403846153846154 0.2548076923076923 0.0889423076923077 0.20192307692307693 0.0889423076923077
6 0.08653846153846154 0.6778846153846154 0.16105769230769232 0.6778846153846154 0.16105769230769232 0.8125 0.08653846153846154 0.8125
4 0.20432692307692307 0.6947115384615384 0.25961538461538464 0.6947115384615384 0.25961538461538464 0.8052884615384616 0.20432692307692307 0.8052884615384616
4 0.22115384615384615 0.5673076923076923 0.2764423076923077 0.5673076923076923 0.2764423076923077 0.6730769230769231 0.22115384615384615 0.6730769230769231
4 0.23317307692307693 0.4567307692307692 0.28846153846153844 0.4567307692307692 0.28846153846153844 0.5600961538461539 0.23317307692307693 0.5600961538461539
4 0.25 0.34375 0.2980769230769231 0.34375 0.2980769230769231 0.44711538461538464 0.25 0.44711538461538464
4 0.2668269230769231 0.2403846153846154 0.3125 0.2403846153846154 0.3125 0.34375 0.2668269230769231 0.34375
4 0.27884615384615385 0.15625 0.3269230769230769 0.15625 0.3269230769230769 0.25721153846153844 0.27884615384615385 0.25721153846153844
4 0.28846153846153844 0.06971153846153846 0.3317307692307692 0.06971153846153846 0.3317307692307692 0.16826923076923078 0.28846153846153844 0.16826923076923078
4 0.2956730769230769 0.004807692307692308 0.33653846153846156 0.004807692307692308 0.33653846153846156 0.07932692307692307 0.2956730769230769 0.07932692307692307
11 0.7860576923076923 0.1778846153846154 0.8557692307692307 0.1778846153846154 0.8557692307692307 0.3581730769230769 0.7860576923076923 0.3581730769230769
8 0.8028846153846154 0.25721153846153844 0.875 0.25721153846153844 0.875 0.46634615384615385 0.8028846153846154 0.46634615384615385
7 0.7908653846153846 0.1201923076923077 0.8461538461538461 0.1201923076923077 0.8461538461538461 0.25961538461538464 0.7908653846153846 0.25961538461538464
7 0.8221153846153846 0.4230769230769231 0.8846153846153846 0.4230769230769231 0.8846153846153846 0.5721153846153846 0.8221153846153846 0.5721153846153846
9 0.78125 0.04326923076923077 0.8413461538461539 0.04326923076923077 0.8413461538461539 0.17548076923076922 0.78125 0.17548076923076922
9 0.8197115384615384 0.5673076923076923 0.8918269230769231 0.5673076923076923 0.8918269230769231 0.7091346153846154 0.8197115384615384 0.7091346153846154
12 0.7716346153846154 0.014423076923076924 0.8269230769230769 0.014423076923076924 0.8269230769230769 0.08653846153846154 0.7716346153846154 0.08653846153846154
12 0.8365384615384616 0.6995192307692307 0.9134615384615384 0.6995192307692307 0.9134615384615384 0.8461538461538461 0.8365384615384616 0.8461538461538461
10 0.6971153846153846 0.01201923076923077 0.7451923076923077 0.01201923076923077 0.7451923076923077 0.07932692307692307 0.6971153846153846 0.07932692307692307
10 0.6995192307692307 0.06971153846153846 0.7475961538461539 0.06971153846153846 0.7475961538461539 0.16826923076923078 0.6995192307692307 0.16826923076923078
10 0.6995192307692307 0.15865384615384615 0.7475961538461539 0.15865384615384615 0.7475961538461539 0.2620192307692308 0.6995192307692307 0.2620192307692308
10 0.7019230769230769 0.24519230769230768 0.7548076923076923 0.24519230769230768 0.7548076923076923 0.35096153846153844 0.7019230769230769 0.35096153846153844
10 0.7019230769230769 0.35336538461538464 0.7596153846153846 0.35336538461538464 0.7596153846153846 0.4639423076923077 0.7019230769230769 0.4639423076923077
10 0.7115384615384616 0.4639423076923077 0.7692307692307693 0.4639423076923077 0.7692307692307693 0.5721153846153846 0.7115384615384616 0.5721153846153846
10 0.7139423076923077 0.5697115384615384 0.7692307692307693 0.5697115384615384 0.7692307692307693 0.6850961538461539 0.7139423076923077 0.6850961538461539
10 0.7235576923076923 0.6971153846153846 0.7788461538461539 0.6971153846153846 0.7788461538461539 0.8173076923076923 0.7235576923076923 0.8173076923076923