12 0.5504807692307693 0.15625 0.6153846153846154 0.15625 0.6153846153846154 0.2932692307692308 0.5504807692307693 0.2932692307692308
8 0.6322115384615384 0.2860576923076923 0.7139423076923077 0.2860576923076923 0.7139423076923077 0.5 0.6322115384615384 0.5
10 0.5649038461538461 0.25721153846153844 0.6225961538461539 0.25721153846153844 0.6225961538461539 0.37740384615384615 0.5649038461538461 0.37740384615384615
10 0.6442307692307693 0.0889423076923077 0.7019230769230769 0.0889423076923077 0.7019230769230769 0.20432692307692307 0.6442307692307693 0.20432692307692307
10 0.7355769230769231 0.009615384615384616 0.7932692307692307 0.009615384615384616 0.7932692307692307 0.11057692307692307 0.7355769230769231 0.11057692307692307
10 0.7379807692307693 0.6105769230769231 0.8028846153846154 0.6105769230769231 0.8028846153846154 0.7331730769230769 0.7379807692307693 0.7331730769230769
2 0.2956730769230769 0.6346153846153846 0.3870192307692308 0.6346153846153846 0.3870192307692308 0.8557692307692307 0.2956730769230769 0.8557692307692307
6 0.0985576923076923 0.7067307692307693 0.18509615384615385 0.7067307692307693 0.18509615384615385 0.8557692307692307 0.0985576923076923 0.8557692307692307
5 0.38221153846153844 0.20192307692307693 0.4519230769230769 0.20192307692307693 0.4519230769230769 0.3942307692307692 0.38221153846153844 0.3942307692307692
4 0.3076923076923077 0.1658653846153846 0.35336538461538464 0.1658653846153846 0.35336538461538464 0.27884615384615385 0.3076923076923077 0.27884615384615385
4 0.47596153846153844 0.25721153846153844 0.5264423076923077 0.25721153846153844 0.5264423076923077 0.36778846153846156 0.47596153846153844 0.36778846153846156
4 0.35096153846153844 0.4735576923076923 0.4110576923076923 0.4735576923076923 0.4110576923076923 0.59375 0.35096153846153844 0.59375