12 0.40865384615384615 0.18509615384615385 0.4735576923076923 0.18509615384615385 0.4735576923076923 0.32211538461538464 0.40865384615384615 0.32211538461538464
8 0.3004807692307692 0.3125 0.3870192307692308 0.3125 0.3870192307692308 0.5288461538461539 0.3004807692307692 0.5288461538461539
10 0.39663461538461536 0.2860576923076923 0.4567307692307692 0.2860576923076923 0.4567307692307692 0.40384615384615385 0.39663461538461536 0.40384615384615385
10 0.3245192307692308 0.11298076923076923 0.38461538461538464 0.11298076923076923 0.38461538461538464 0.23076923076923078 0.3245192307692308 0.23076923076923078
10 0.23798076923076922 0.016826923076923076 0.2956730769230769 0.016826923076923076 0.2956730769230769 0.12980769230769232 0.23798076923076922 0.12980769230769232
10 0.19951923076923078 0.6370192307692307 0.2668269230769231 0.6370192307692307 0.2668269230769231 0.7596153846153846 0.19951923076923078 0.7596153846153846
2 0.6129807692307693 0.6706730769230769 0.7067307692307693 0.6706730769230769 0.7067307692307693 0.8966346153846154 0.6129807692307693 0.8966346153846154
6 0.8149038461538461 0.7524038461538461 0.9038461538461539 0.7524038461538461 0.9038461538461539 0.9014423076923077 0.8149038461538461 0.9014423076923077
5 0.5673076923076923 0.23317307692307693 0.6418269230769231 0.23317307692307693 0.6418269230769231 0.42788461538461536 0.5673076923076923 0.42788461538461536
4 0.6706730769230769 0.20192307692307693 0.7211538461538461 0.20192307692307693 0.7211538461538461 0.31490384615384615 0.6706730769230769 0.31490384615384615
4 0.49278846153846156 0.2860576923076923 0.5456730769230769 0.2860576923076923 0.5456730769230769 0.39903846153846156 0.49278846153846156 0.39903846153846156
4 0.5985576923076923 0.5096153846153846 0.6586538461538461 0.5096153846153846 0.6586538461538461 0.6298076923076923 0.5985576923076923 0.6298076923076923