2 0.7596153846153846 0.21394230769230768 0.8389423076923077 0.21394230769230768 0.8389423076923077 0.4110576923076923 0.7596153846153846 0.4110576923076923
5 0.7836538461538461 0.3317307692307692 0.8629807692307693 0.3317307692307692 0.8629807692307693 0.5072115384615384 0.7836538461538461 0.5072115384615384
3 0.8125 0.4951923076923077 0.8870192307692307 0.4951923076923077 0.8870192307692307 0.625 0.8125 0.625
3 0.7620192307692307 0.19230769230769232 0.8293269230769231 0.19230769230769232 0.8293269230769231 0.3173076923076923 0.7620192307692307 0.3173076923076923
1 0.8269230769230769 0.6057692307692307 0.8966346153846154 0.6057692307692307 0.8966346153846154 0.7524038461538461 0.8269230769230769 0.7524038461538461
1 0.7403846153846154 0.0889423076923077 0.7932692307692307 0.0889423076923077 0.7932692307692307 0.23076923076923078 0.7403846153846154 0.23076923076923078
6 0.7211538461538461 0.02403846153846154 0.7788461538461539 0.02403846153846154 0.7788461538461539 0.14423076923076922 0.7211538461538461 0.14423076923076922
6 0.8461538461538461 0.7451923076923077 0.9302884615384616 0.7451923076923077 0.9302884615384616 0.8846153846153846 0.8461538461538461 0.8846153846153846
4 0.75 0.7572115384615384 0.8100961538461539 0.7572115384615384 0.8100961538461539 0.8725961538461539 0.75 0.8725961538461539
4 0.7283653846153846 0.6105769230769231 0.7860576923076923 0.6105769230769231 0.7860576923076923 0.7259615384615384 0.7283653846153846 0.7259615384615384
4 0.7043269230769231 0.5096153846153846 0.7572115384615384 0.5096153846153846 0.7572115384615384 0.6177884615384616 0.7043269230769231 0.6177884615384616
4 0.6995192307692307 0.3918269230769231 0.7524038461538461 0.3918269230769231 0.7524038461538461 0.4951923076923077 0.6995192307692307 0.4951923076923077
4 0.6754807692307693 0.30288461538461536 0.7331730769230769 0.30288461538461536 0.7331730769230769 0.40865384615384615 0.6754807692307693 0.40865384615384615
4 0.6754807692307693 0.22355769230769232 0.7283653846153846 0.22355769230769232 0.7283653846153846 0.3293269230769231 0.6754807692307693 0.3293269230769231
4 0.6514423076923077 0.12980769230769232 0.7019230769230769 0.12980769230769232 0.7019230769230769 0.23317307692307693 0.6514423076923077 0.23317307692307693
4 0.6514423076923077 0.038461538461538464 0.6971153846153846 0.038461538461538464 0.6971153846153846 0.14423076923076922 0.6514423076923077 0.14423076923076922
11 0.1466346153846154 0.23798076923076922 0.22115384615384615 0.23798076923076922 0.22115384615384615 0.4182692307692308 0.1466346153846154 0.4182692307692308
8 0.12740384615384615 0.31009615384615385 0.2091346153846154 0.31009615384615385 0.2091346153846154 0.5120192307692307 0.12740384615384615 0.5120192307692307
9 0.14423076923076922 0.18028846153846154 0.2091346153846154 0.18028846153846154 0.2091346153846154 0.3076923076923077 0.14423076923076922 0.3076923076923077
9 0.12740384615384615 0.4807692307692308 0.2091346153846154 0.4807692307692308 0.2091346153846154 0.6225961538461539 0.12740384615384615 0.6225961538461539
7 0.15865384615384615 0.0673076923076923 0.22115384615384615 0.0673076923076923 0.22115384615384615 0.21634615384615385 0.15865384615384615 0.21634615384615385
7 0.11538461538461539 0.6009615384615384 0.18990384615384615 0.6009615384615384 0.18990384615384615 0.75 0.11538461538461539 0.75
12 0.16826923076923078 0.021634615384615384 0.23076923076923078 0.021634615384615384 0.23076923076923078 0.14423076923076922 0.16826923076923078 0.14423076923076922
12 0.10817307692307693 0.7524038461538461 0.18990384615384615 0.7524038461538461 0.18990384615384615 0.8990384615384616 0.10817307692307693 0.8990384615384616
10 0.24759615384615385 0.03365384615384615 0.2980769230769231 0.03365384615384615 0.2980769230769231 0.13701923076923078 0.24759615384615385 0.13701923076923078
10 0.2548076923076923 0.11057692307692307 0.3076923076923077 0.11057692307692307 0.3076923076923077 0.22115384615384615 0.2548076923076923 0.22115384615384615
10 0.24278846153846154 0.20192307692307693 0.2980769230769231 0.20192307692307693 0.2980769230769231 0.31009615384615385 0.24278846153846154 0.31009615384615385
10 0.2403846153846154 0.29086538461538464 0.2980769230769231 0.29086538461538464 0.2980769230769231 0.39663461538461536 0.2403846153846154 0.39663461538461536
10 0.24278846153846154 0.3870192307692308 0.30288461538461536 0.3870192307692308 0.30288461538461536 0.5024038461538461 0.24278846153846154 0.5024038461538461
10 0.22596153846153846 0.7668269230769231 0.29086538461538464 0.7668269230769231 0.29086538461538464 0.8798076923076923 0.22596153846153846 0.8798076923076923
10 0.2283653846153846 0.6201923076923077 0.2932692307692308 0.6201923076923077 0.2932692307692308 0.7403846153846154 0.2283653846153846 0.7403846153846154
10 0.4230769230769231 0.5120192307692307 0.4807692307692308 0.5120192307692307 0.4807692307692308 0.6298076923076923 0.4230769230769231 0.6298076923076923