6 0.8317307692307693 0.6826923076923077 0.9158653846153846 0.6826923076923077 0.9158653846153846 0.8269230769230769 0.8317307692307693 0.8269230769230769
2 0.7403846153846154 0.15384615384615385 0.8221153846153846 0.15384615384615385 0.8221153846153846 0.36538461538461536 0.7403846153846154 0.36538461538461536
6 0.7091346153846154 0 0.7668269230769231 0 0.7668269230769231 0.10336538461538461 0.7091346153846154 0.10336538461538461
5 0.49278846153846156 0.30288461538461536 0.5576923076923077 0.30288461538461536 0.5576923076923077 0.4879807692307692 0.49278846153846156 0.4879807692307692
3 0.6177884615384616 0.5552884615384616 0.6875 0.5552884615384616 0.6875 0.7115384615384616 0.6177884615384616 0.7115384615384616
3 0.5745192307692307 0.23076923076923078 0.6346153846153846 0.23076923076923078 0.6346153846153846 0.375 0.5745192307692307 0.375
4 0.7355769230769231 0.6995192307692307 0.7956730769230769 0.6995192307692307 0.7956730769230769 0.8221153846153846 0.7355769230769231 0.8221153846153846
4 0.5913461538461539 0.4567307692307692 0.6466346153846154 0.4567307692307692 0.6466346153846154 0.5673076923076923 0.5913461538461539 0.5673076923076923
4 0.5288461538461539 0.5889423076923077 0.5841346153846154 0.5889423076923077 0.5841346153846154 0.7019230769230769 0.5288461538461539 0.7019230769230769
4 0.6682692307692307 0.2548076923076923 0.7211538461538461 0.2548076923076923 0.7211538461538461 0.36778846153846156 0.6682692307692307 0.36778846153846156
4 0.4879807692307692 0.17548076923076922 0.5456730769230769 0.17548076923076922 0.5456730769230769 0.28846153846153844 0.4879807692307692 0.28846153846153844
4 0.5504807692307693 0.08173076923076923 0.6081730769230769 0.08173076923076923 0.6081730769230769 0.19230769230769232 0.5504807692307693 0.19230769230769232
1 0.625 0 0.6850961538461539 0 0.6850961538461539 0.11057692307692307 0.625 0.11057692307692307
1 0.3317307692307692 0.4495192307692308 0.3942307692307692 0.4495192307692308 0.3942307692307692 0.6009615384615384 0.3317307692307692 0.6009615384615384
7 0.14182692307692307 0.052884615384615384 0.20673076923076922 0.052884615384615384 0.20673076923076922 0.1971153846153846 0.14182692307692307 0.1971153846153846
12 0.15865384615384615 0 0.21394230769230768 0 0.21394230769230768 0.12259615384615384 0.15865384615384615 0.12259615384615384
8 0.11538461538461539 0.28365384615384615 0.1971153846153846 0.28365384615384615 0.1971153846153846 0.49038461538461536 0.11538461538461539 0.49038461538461536
11 0.30528846153846156 0.02403846153846154 0.37259615384615385 0.02403846153846154 0.37259615384615385 0.2091346153846154 0.30528846153846156 0.2091346153846154
9 0.31490384615384615 0.23557692307692307 0.38221153846153844 0.23557692307692307 0.38221153846153844 0.375 0.31490384615384615 0.375
9 0.1201923076923077 0.46153846153846156 0.19951923076923078 0.46153846153846156 0.19951923076923078 0.6033653846153846 0.1201923076923077 0.6033653846153846
7 0.10576923076923077 0.5769230769230769 0.18269230769230768 0.5769230769230769 0.18269230769230768 0.7283653846153846 0.10576923076923077 0.7283653846153846
10 0.22596153846153846 0.5985576923076923 0.28365384615384615 0.5985576923076923 0.28365384615384615 0.7163461538461539 0.22596153846153846 0.7163461538461539
10 0.22355769230769232 0.3629807692307692 0.29086538461538464 0.3629807692307692 0.29086538461538464 0.47836538461538464 0.22355769230769232 0.47836538461538464
10 0.2283653846153846 0.25961538461538464 0.28125 0.25961538461538464 0.28125 0.375 0.2283653846153846 0.375
10 0.23798076923076922 0.08653846153846154 0.2932692307692308 0.08653846153846154 0.2932692307692308 0.20192307692307693 0.23798076923076922 0.20192307692307693
10 0.38221153846153844 0 0.43509615384615385 0 0.43509615384615385 0.10576923076923077 0.38221153846153844 0.10576923076923077
10 0.3918269230769231 0.16105769230769232 0.44711538461538464 0.16105769230769232 0.44711538461538464 0.27163461538461536 0.3918269230769231 0.27163461538461536