12 0.3389423076923077 0.7091346153846154 0.41586538461538464 0.7091346153846154 0.41586538461538464 0.8557692307692307 0.3389423076923077 0.8557692307692307
6 0.13221153846153846 0.7115384615384616 0.21153846153846154 0.7115384615384616 0.21153846153846154 0.8533653846153846 0.13221153846153846 0.8533653846153846
2 0.24759615384615385 0.5288461538461539 0.3389423076923077 0.5288461538461539 0.3389423076923077 0.7451923076923077 0.24759615384615385 0.7451923076923077
5 0.3798076923076923 0.22596153846153846 0.4567307692307692 0.22596153846153846 0.4567307692307692 0.4110576923076923 0.3798076923076923 0.4110576923076923
4 0.30288461538461536 0.18990384615384615 0.3557692307692308 0.18990384615384615 0.3557692307692308 0.2980769230769231 0.30288461538461536 0.2980769230769231
4 0.36778846153846156 0.4879807692307692 0.42788461538461536 0.4879807692307692 0.42788461538461536 0.6081730769230769 0.36778846153846156 0.6081730769230769
4 0.47596153846153844 0.27884615384615385 0.5288461538461539 0.27884615384615385 0.5288461538461539 0.38461538461538464 0.47596153846153844 0.38461538461538464
6 0.7283653846153846 0.4735576923076923 0.7956730769230769 0.4735576923076923 0.7956730769230769 0.6201923076923077 0.7283653846153846 0.6201923076923077
8 0.625 0.3076923076923077 0.7091346153846154 0.3076923076923077 0.7091346153846154 0.5096153846153846 0.625 0.5096153846153846
12 0.8125 0.18509615384615385 0.8846153846153846 0.18509615384615385 0.8846153846153846 0.31490384615384615 0.8125 0.31490384615384615
10 0.5600961538461539 0.27884615384615385 0.6153846153846154 0.27884615384615385 0.6153846153846154 0.3918269230769231 0.5600961538461539 0.3918269230769231
10 0.6322115384615384 0.1201923076923077 0.6850961538461539 0.1201923076923077 0.6850961538461539 0.23317307692307693 0.6322115384615384 0.23317307692307693
10 0.71875 0.02403846153846154 0.7716346153846154 0.02403846153846154 0.7716346153846154 0.13221153846153846 0.71875 0.13221153846153846
10 0.7451923076923077 0.6225961538461539 0.8100961538461539 0.6225961538461539 0.8100961538461539 0.7379807692307693 0.7451923076923077 0.7379807692307693