2 0.18509615384615385 0.21634615384615385 0.27163461538461536 0.21634615384615385 0.27163461538461536 0.41586538461538464 0.18509615384615385 0.41586538461538464
6 0.7019230769230769 0.026442307692307692 0.7620192307692307 0.026442307692307692 0.7620192307692307 0.14903846153846154 0.7019230769230769 0.14903846153846154
8 0.7980769230769231 0.22115384615384615 0.8822115384615384 0.22115384615384615 0.8822115384615384 0.4326923076923077 0.7980769230769231 0.4326923076923077
12 0.5408653846153846 0.29086538461538464 0.59375 0.29086538461538464 0.59375 0.4182692307692308 0.5408653846153846 0.4182692307692308
7 0.5336538461538461 0.375 0.5961538461538461 0.375 0.5961538461538461 0.5192307692307693 0.5336538461538461 0.5192307692307693
10 0.625 0.5216346153846154 0.6826923076923077 0.5216346153846154 0.6826923076923077 0.6346153846153846 0.625 0.6346153846153846
10 0.7043269230769231 0.12980769230769232 0.7572115384615384 0.12980769230769232 0.7572115384615384 0.24278846153846154 0.7043269230769231 0.24278846153846154
10 0.71875 0.3004807692307692 0.7740384615384616 0.3004807692307692 0.7740384615384616 0.41346153846153844 0.71875 0.41346153846153844
4 0.6322115384615384 0.40384615384615385 0.6875 0.40384615384615385 0.6875 0.5144230769230769 0.6322115384615384 0.5144230769230769
4 0.3918269230769231 0.2956730769230769 0.4375 0.2956730769230769 0.4375 0.40625 0.3918269230769231 0.40625
4 0.43990384615384615 0.6177884615384616 0.4951923076923077 0.6177884615384616 0.4951923076923077 0.7379807692307693 0.43990384615384615 0.7379807692307693