2 0.7524038461538461 0.19471153846153846 0.84375 0.19471153846153846 0.84375 0.39903846153846156 0.7524038461538461 0.39903846153846156
6 0.2403846153846154 0 0.30288461538461536 0 0.30288461538461536 0.10817307692307693 0.2403846153846154 0.10817307692307693
8 0.11538461538461539 0.18269230769230768 0.20192307692307693 0.18269230769230768 0.20192307692307693 0.4014423076923077 0.11538461538461539 0.4014423076923077
12 0.41586538461538464 0.2620192307692308 0.47115384615384615 0.2620192307692308 0.47115384615384615 0.3918269230769231 0.41586538461538464 0.3918269230769231
7 0.4110576923076923 0.3485576923076923 0.47836538461538464 0.3485576923076923 0.47836538461538464 0.49759615384615385 0.4110576923076923 0.49759615384615385
10 0.32211538461538464 0.5 0.38221153846153844 0.5 0.38221153846153844 0.6153846153846154 0.32211538461538464 0.6153846153846154
10 0.24519230769230768 0.0889423076923077 0.3004807692307692 0.0889423076923077 0.3004807692307692 0.20432692307692307 0.24519230769230768 0.20432692307692307
10 0.22596153846153846 0.2668269230769231 0.2860576923076923 0.2668269230769231 0.2860576923076923 0.38461538461538464 0.22596153846153846 0.38461538461538464
4 0.3173076923076923 0.37740384615384615 0.375 0.37740384615384615 0.375 0.49038461538461536 0.3173076923076923 0.49038461538461536
4 0.5769230769230769 0.27163461538461536 0.6274038461538461 0.27163461538461536 0.6274038461538461 0.3870192307692308 0.5769230769230769 0.3870192307692308
4 0.5168269230769231 0.6057692307692307 0.5745192307692307 0.6057692307692307 0.5745192307692307 0.7283653846153846 0.5168269230769231 0.7283653846153846