5 0.5889423076923077 0.20432692307692307 0.6706730769230769 0.20432692307692307 0.6706730769230769 0.3870192307692308 0.5889423076923077 0.3870192307692308
2 0.7860576923076923 0.2692307692307692 0.8822115384615384 0.2692307692307692 0.8822115384615384 0.4831730769230769 0.7860576923076923 0.4831730769230769
6 0.8533653846153846 0.6730769230769231 0.9375 0.6730769230769231 0.9375 0.8389423076923077 0.8533653846153846 0.8389423076923077
6 0.5841346153846154 0.009615384615384616 0.6418269230769231 0.009615384615384616 0.6418269230769231 0.10336538461538461 0.5841346153846154 0.10336538461538461
3 0.5865384615384616 0.052884615384615384 0.65625 0.052884615384615384 0.65625 0.18990384615384615 0.5865384615384616 0.18990384615384615
3 0.4326923076923077 0.3173076923076923 0.5048076923076923 0.3173076923076923 0.5048076923076923 0.46875 0.4326923076923077 0.46875
4 0.6754807692307693 0.07932692307692307 0.7283653846153846 0.07932692307692307 0.7283653846153846 0.18990384615384615 0.6754807692307693 0.18990384615384615
4 0.6899038461538461 0.1658653846153846 0.7403846153846154 0.1658653846153846 0.7403846153846154 0.28125 0.6899038461538461 0.28125
4 0.7139423076923077 0.34375 0.7692307692307693 0.34375 0.7692307692307693 0.47115384615384615 0.7139423076923077 0.47115384615384615
4 0.6346153846153846 0.4543269230769231 0.6971153846153846 0.4543269230769231 0.6971153846153846 0.5745192307692307 0.6346153846153846 0.5745192307692307
4 0.5168269230769231 0.2403846153846154 0.5721153846153846 0.2403846153846154 0.5721153846153846 0.35336538461538464 0.5168269230769231 0.35336538461538464
4 0.5192307692307693 0.009615384615384616 0.5721153846153846 0.009615384615384616 0.5721153846153846 0.10576923076923077 0.5192307692307693 0.10576923076923077
11 0.3389423076923077 0.1971153846153846 0.4206730769230769 0.1971153846153846 0.4206730769230769 0.3798076923076923 0.3389423076923077 0.3798076923076923
7 0.23557692307692307 0.2956730769230769 0.3076923076923077 0.2956730769230769 0.3076923076923077 0.45913461538461536 0.23557692307692307 0.45913461538461536
12 0.3485576923076923 0.10336538461538461 0.41586538461538464 0.10336538461538461 0.41586538461538464 0.25 0.3485576923076923 0.25
12 0.1346153846153846 0.5288461538461539 0.21875 0.5288461538461539 0.21875 0.6947115384615384 0.1346153846153846 0.6947115384615384
8 0.12980769230769232 0.25240384615384615 0.21875 0.25240384615384615 0.21875 0.4735576923076923 0.12980769230769232 0.4735576923076923
12 0.17307692307692307 0.002403846153846154 0.24519230769230768 0.002403846153846154 0.24519230769230768 0.0889423076923077 0.17307692307692307 0.0889423076923077
12 0.2283653846153846 0.6850961538461539 0.3125 0.6850961538461539 0.3125 0.8389423076923077 0.2283653846153846 0.8389423076923077
10 0.2644230769230769 0.004807692307692308 0.31971153846153844 0.004807692307692308 0.31971153846153844 0.0889423076923077 0.2644230769230769 0.0889423076923077
10 0.25 0.5649038461538461 0.3125 0.5649038461538461 0.3125 0.6899038461538461 0.25 0.6899038461538461
10 0.2692307692307692 0.14423076923076922 0.3317307692307692 0.14423076923076922 0.3317307692307692 0.2668269230769231 0.2692307692307692 0.2668269230769231
10 0.43028846153846156 0.23798076923076922 0.4879807692307692 0.23798076923076922 0.4879807692307692 0.35336538461538464 0.43028846153846156 0.35336538461538464
10 0.44711538461538464 0.6947115384615384 0.5096153846153846 0.6947115384615384 0.5096153846153846 0.8269230769230769 0.44711538461538464 0.8269230769230769