5 0.36778846153846156 0.20673076923076922 0.4423076923076923 0.20673076923076922 0.4423076923076923 0.3798076923076923 0.36778846153846156 0.3798076923076923
2 0.17067307692307693 0.2668269230769231 0.25961538461538464 0.2668269230769231 0.25961538461538464 0.46875 0.17067307692307693 0.46875
6 0.12740384615384615 0.6466346153846154 0.20432692307692307 0.6466346153846154 0.20432692307692307 0.8004807692307693 0.12740384615384615 0.8004807692307693
6 0.3894230769230769 0 0.4423076923076923 0 0.4423076923076923 0.11298076923076923 0.3894230769230769 0.11298076923076923
3 0.3798076923076923 0.06490384615384616 0.4423076923076923 0.06490384615384616 0.4423076923076923 0.19471153846153846 0.3798076923076923 0.19471153846153846
3 0.5264423076923077 0.31490384615384615 0.59375 0.31490384615384615 0.59375 0.4567307692307692 0.5264423076923077 0.4567307692307692
4 0.3125 0.09134615384615384 0.3581730769230769 0.09134615384615384 0.3581730769230769 0.19230769230769232 0.3125 0.19230769230769232
4 0.3004807692307692 0.17307692307692307 0.3485576923076923 0.17307692307692307 0.3485576923076923 0.27884615384615385 0.3004807692307692 0.27884615384615385
4 0.2764423076923077 0.3389423076923077 0.3293269230769231 0.3389423076923077 0.3293269230769231 0.4567307692307692 0.2764423076923077 0.4567307692307692
4 0.3485576923076923 0.4423076923076923 0.40625 0.4423076923076923 0.40625 0.5552884615384616 0.3485576923076923 0.5552884615384616
4 0.45913461538461536 0.24278846153846154 0.5120192307692307 0.24278846153846154 0.5120192307692307 0.3485576923076923 0.45913461538461536 0.3485576923076923
4 0.4543269230769231 0.007211538461538462 0.5048076923076923 0.007211538461538462 0.5048076923076923 0.11538461538461539 0.4543269230769231 0.11538461538461539
11 0.6033653846153846 0.20192307692307693 0.6778846153846154 0.20192307692307693 0.6778846153846154 0.37259615384615385 0.6033653846153846 0.37259615384615385
7 0.7091346153846154 0.2956730769230769 0.7764423076923077 0.2956730769230769 0.7764423076923077 0.44711538461538464 0.7091346153846154 0.44711538461538464
12 0.6057692307692307 0.11298076923076923 0.6682692307692307 0.11298076923076923 0.6682692307692307 0.25240384615384615 0.6057692307692307 0.25240384615384615
12 0.8004807692307693 0.5144230769230769 0.8774038461538461 0.5144230769230769 0.8774038461538461 0.6682692307692307 0.8004807692307693 0.6682692307692307
8 0.7932692307692307 0.2548076923076923 0.875 0.2548076923076923 0.875 0.46153846153846156 0.7932692307692307 0.46153846153846156
12 0.7620192307692307 0 0.8293269230769231 0 0.8293269230769231 0.10096153846153846 0.7620192307692307 0.10096153846153846
12 0.7139423076923077 0.6610576923076923 0.7908653846153846 0.6610576923076923 0.7908653846153846 0.8052884615384616 0.7139423076923077 0.8052884615384616
10 0.6923076923076923 0 0.7427884615384616 0 0.7427884615384616 0.10096153846153846 0.6923076923076923 0.10096153846153846
10 0.7115384615384616 0.5480769230769231 0.7692307692307693 0.5480769230769231 0.7692307692307693 0.6634615384615384 0.7115384615384616 0.6634615384615384
10 0.6850961538461539 0.15384615384615385 0.7403846153846154 0.15384615384615385 0.7403846153846154 0.2668269230769231 0.6850961538461539 0.2668269230769231
10 0.5408653846153846 0.2403846153846154 0.59375 0.2403846153846154 0.59375 0.3485576923076923 0.5408653846153846 0.3485576923076923
10 0.5288461538461539 0.6682692307692307 0.5865384615384616 0.6682692307692307 0.5865384615384616 0.7908653846153846 0.5288461538461539 0.7908653846153846