5 0.6009615384615384 0.1658653846153846 0.6802884615384616 0.1658653846153846 0.6802884615384616 0.3581730769230769 0.6009615384615384 0.3581730769230769
2 0.8221153846153846 0.3605769230769231 0.9182692307692307 0.3605769230769231 0.9182692307692307 0.5865384615384616 0.8221153846153846 0.5865384615384616
6 0.8629807692307693 0.6634615384615384 0.9543269230769231 0.6634615384615384 0.9543269230769231 0.8245192307692307 0.8629807692307693 0.8245192307692307
4 0.7211538461538461 0.3269230769230769 0.7764423076923077 0.3269230769230769 0.7764423076923077 0.4495192307692308 0.7211538461538461 0.4495192307692308
4 0.6923076923076923 0.13942307692307693 0.7524038461538461 0.13942307692307693 0.7524038461538461 0.25 0.6923076923076923 0.25
4 0.6826923076923077 0.05048076923076923 0.7355769230769231 0.05048076923076923 0.7355769230769231 0.16105769230769232 0.6826923076923077 0.16105769230769232
4 0.5264423076923077 0.007211538461538462 0.5769230769230769 0.007211538461538462 0.5769230769230769 0.07451923076923077 0.5264423076923077 0.07451923076923077
4 0.5216346153846154 0.21153846153846154 0.5793269230769231 0.21153846153846154 0.5793269230769231 0.33653846153846156 0.5216346153846154 0.33653846153846156
4 0.6394230769230769 0.43028846153846156 0.7067307692307693 0.43028846153846156 0.7067307692307693 0.5600961538461539 0.6394230769230769 0.5600961538461539
3 0.43509615384615385 0.2980769230769231 0.5072115384615384 0.2980769230769231 0.5072115384615384 0.44711538461538464 0.43509615384615385 0.44711538461538464
12 0.1778846153846154 0.002403846153846154 0.24519230769230768 0.002403846153846154 0.24519230769230768 0.06490384615384616 0.1778846153846154 0.06490384615384616
12 0.2403846153846154 0.6754807692307693 0.31490384615384615 0.6754807692307693 0.31490384615384615 0.8245192307692307 0.2403846153846154 0.8245192307692307
8 0.2403846153846154 0.23557692307692307 0.3269230769230769 0.23557692307692307 0.3269230769230769 0.4543269230769231 0.2403846153846154 0.4543269230769231
9 0.5096153846153846 0.016826923076923076 0.5697115384615384 0.016826923076923076 0.5697115384615384 0.17307692307692307 0.5096153846153846 0.17307692307692307
9 0.1346153846153846 0.5192307692307693 0.22115384615384615 0.5192307692307693 0.22115384615384615 0.6754807692307693 0.1346153846153846 0.6754807692307693
7 0.4423076923076923 0.5240384615384616 0.5120192307692307 0.5240384615384616 0.5120192307692307 0.6754807692307693 0.4423076923076923 0.6754807692307693
11 0.3485576923076923 0.16346153846153846 0.4206730769230769 0.16346153846153846 0.4206730769230769 0.3581730769230769 0.3485576923076923 0.3581730769230769
10 0.43509615384615385 0.21634615384615385 0.49278846153846156 0.21634615384615385 0.49278846153846156 0.3293269230769231 0.43509615384615385 0.3293269230769231
10 0.2668269230769231 0.002403846153846154 0.3269230769230769 0.002403846153846154 0.3269230769230769 0.06490384615384616 0.2668269230769231 0.06490384615384616
10 0.27403846153846156 0.1201923076923077 0.3293269230769231 0.1201923076923077 0.3293269230769231 0.23798076923076922 0.27403846153846156 0.23798076923076922
10 0.24759615384615385 0.5504807692307693 0.31490384615384615 0.5504807692307693 0.31490384615384615 0.6754807692307693 0.24759615384615385 0.6754807692307693
10 0.4495192307692308 0.6826923076923077 0.5216346153846154 0.6826923076923077 0.5216346153846154 0.8100961538461539 0.4495192307692308 0.8100961538461539