5 0.7692307692307693 0.22596153846153846 0.84375 0.22596153846153846 0.84375 0.3894230769230769 0.7692307692307693 0.3894230769230769
2 0.7740384615384616 0.2860576923076923 0.8581730769230769 0.2860576923076923 0.8581730769230769 0.4855769230769231 0.7740384615384616 0.4855769230769231
1 0.7548076923076923 0.15384615384615385 0.8149038461538461 0.15384615384615385 0.8149038461538461 0.2860576923076923 0.7548076923076923 0.2860576923076923
1 0.7980769230769231 0.4519230769230769 0.8629807692307693 0.4519230769230769 0.8629807692307693 0.5913461538461539 0.7980769230769231 0.5913461538461539
3 0.7355769230769231 0.07451923076923077 0.7980769230769231 0.07451923076923077 0.7980769230769231 0.1971153846153846 0.7355769230769231 0.1971153846153846
3 0.8149038461538461 0.5769230769230769 0.8966346153846154 0.5769230769230769 0.8966346153846154 0.7067307692307693 0.8149038461538461 0.7067307692307693
6 0.7355769230769231 0.007211538461538462 0.7884615384615384 0.007211538461538462 0.7884615384615384 0.11538461538461539 0.7355769230769231 0.11538461538461539
6 0.8341346153846154 0.7115384615384616 0.9134615384615384 0.7115384615384616 0.9134615384615384 0.8485576923076923 0.8341346153846154 0.8485576923076923
4 0.6490384615384616 0.007211538461538462 0.6947115384615384 0.007211538461538462 0.6947115384615384 0.10817307692307693 0.6490384615384616 0.10817307692307693
4 0.65625 0.09134615384615384 0.6995192307692307 0.09134615384615384 0.6995192307692307 0.19471153846153846 0.65625 0.19471153846153846
4 0.6706730769230769 0.18028846153846154 0.7139423076923077 0.18028846153846154 0.7139423076923077 0.28365384615384615 0.6706730769230769 0.28365384615384615
4 0.6802884615384616 0.2668269230769231 0.7283653846153846 0.2668269230769231 0.7283653846153846 0.37259615384615385 0.6802884615384616 0.37259615384615385
4 0.6899038461538461 0.37259615384615385 0.7427884615384616 0.37259615384615385 0.7427884615384616 0.4735576923076923 0.6899038461538461 0.4735576923076923
4 0.7067307692307693 0.47596153846153844 0.7572115384615384 0.47596153846153844 0.7572115384615384 0.5889423076923077 0.7067307692307693 0.5889423076923077
4 0.71875 0.5961538461538461 0.7740384615384616 0.5961538461538461 0.7740384615384616 0.7067307692307693 0.71875 0.7067307692307693
4 0.7331730769230769 0.7235576923076923 0.7908653846153846 0.7235576923076923 0.7908653846153846 0.8341346153846154 0.7331730769230769 0.8341346153846154
11 0.1346153846153846 0.1971153846153846 0.20432692307692307 0.1971153846153846 0.20432692307692307 0.37740384615384615 0.1346153846153846 0.37740384615384615
8 0.11538461538461539 0.27884615384615385 0.18990384615384615 0.27884615384615385 0.18990384615384615 0.4807692307692308 0.11538461538461539 0.4807692307692308
7 0.10817307692307693 0.4423076923076923 0.17067307692307693 0.4423076923076923 0.17067307692307693 0.5865384615384616 0.10817307692307693 0.5865384615384616
7 0.14423076923076922 0.13942307692307693 0.19951923076923078 0.13942307692307693 0.19951923076923078 0.27884615384615385 0.14423076923076922 0.27884615384615385
9 0.15144230769230768 0.0625 0.2091346153846154 0.0625 0.2091346153846154 0.18990384615384615 0.15144230769230768 0.18990384615384615
9 0.0985576923076923 0.5889423076923077 0.17307692307692307 0.5889423076923077 0.17307692307692307 0.7283653846153846 0.0985576923076923 0.7283653846153846
10 0.21153846153846154 0.7283653846153846 0.27163461538461536 0.7283653846153846 0.27163461538461536 0.8389423076923077 0.21153846153846154 0.8389423076923077
10 0.21394230769230768 0.5961538461538461 0.28365384615384615 0.5961538461538461 0.28365384615384615 0.7067307692307693 0.21394230769230768 0.7067307692307693
10 0.22355769230769232 0.4879807692307692 0.28125 0.4879807692307692 0.28125 0.59375 0.22355769230769232 0.59375
10 0.23557692307692307 0.37740384615384615 0.29086538461538464 0.37740384615384615 0.29086538461538464 0.4855769230769231 0.23557692307692307 0.4855769230769231
10 0.23557692307692307 0.2692307692307692 0.2932692307692308 0.2692307692307692 0.2932692307692308 0.375 0.23557692307692307 0.375
10 0.25 0.18269230769230768 0.2956730769230769 0.18269230769230768 0.2956730769230769 0.28365384615384615 0.25 0.28365384615384615
10 0.24759615384615385 0.09134615384615384 0.2956730769230769 0.09134615384615384 0.2956730769230769 0.1875 0.24759615384615385 0.1875
10 0.24759615384615385 0.002403846153846154 0.2956730769230769 0.002403846153846154 0.2956730769230769 0.10817307692307693 0.24759615384615385 0.10817307692307693
12 0.16346153846153846 0 0.21634615384615385 0 0.21634615384615385 0.10336538461538461 0.16346153846153846 0.10336538461538461
12 0.08413461538461539 0.7139423076923077 0.15865384615384615 0.7139423076923077 0.15865384615384615 0.8629807692307693 0.08413461538461539 0.8629807692307693