2 0.6826923076923077 0.4879807692307692 0.7716346153846154 0.4879807692307692 0.7716346153846154 0.6875 0.6826923076923077 0.6875
6 0.8028846153846154 0.6586538461538461 0.8774038461538461 0.6586538461538461 0.8774038461538461 0.8004807692307693 0.8028846153846154 0.8004807692307693
12 0.6033653846153846 0.6418269230769231 0.6730769230769231 0.6418269230769231 0.6730769230769231 0.7836538461538461 0.6033653846153846 0.7836538461538461
9 0.5 0.04567307692307692 0.5528846153846154 0.04567307692307692 0.5528846153846154 0.1875 0.5 0.1875
5 0.5721153846153846 0.1875 0.6466346153846154 0.1875 0.6466346153846154 0.36778846153846156 0.5721153846153846 0.36778846153846156
4 0.6682692307692307 0.16105769230769232 0.7163461538461539 0.16105769230769232 0.7163461538461539 0.2644230769230769 0.6682692307692307 0.2644230769230769
4 0.6802884615384616 0.3389423076923077 0.7379807692307693 0.3389423076923077 0.7379807692307693 0.44711538461538464 0.6802884615384616 0.44711538461538464
4 0.6009615384615384 0.43990384615384615 0.65625 0.43990384615384615 0.65625 0.5480769230769231 0.6009615384615384 0.5480769230769231
4 0.5024038461538461 0.23317307692307693 0.5552884615384616 0.23317307692307693 0.5552884615384616 0.34134615384615385 0.5024038461538461 0.34134615384615385
3 0.41346153846153844 0.3125 0.4807692307692308 0.3125 0.4807692307692308 0.4495192307692308 0.41346153846153844 0.4495192307692308
10 0.4206730769230769 0.23317307692307693 0.47115384615384615 0.23317307692307693 0.47115384615384615 0.33653846153846156 0.4206730769230769 0.33653846153846156
11 0.33413461538461536 0.1875 0.40865384615384615 0.1875 0.40865384615384615 0.3629807692307692 0.33413461538461536 0.3629807692307692
8 0.23557692307692307 0.24759615384615385 0.3125 0.24759615384615385 0.3125 0.44711538461538464 0.23557692307692307 0.44711538461538464
12 0.19471153846153846 0 0.25961538461538464 0 0.25961538461538464 0.09134615384615384 0.19471153846153846 0.09134615384615384
10 0.2764423076923077 0 0.3269230769230769 0 0.3269230769230769 0.08413461538461539 0.2764423076923077 0.08413461538461539
10 0.27163461538461536 0.14182692307692307 0.3269230769230769 0.14182692307692307 0.3269230769230769 0.24759615384615385 0.27163461538461536 0.24759615384615385
10 0.22596153846153846 0.5408653846153846 0.2860576923076923 0.5408653846153846 0.2860576923076923 0.65625 0.22596153846153846 0.65625