2 0.20432692307692307 0.4807692307692308 0.2980769230769231 0.4807692307692308 0.2980769230769231 0.6875 0.20432692307692307 0.6875
6 0.0889423076923077 0.6586538461538461 0.1658653846153846 0.6586538461538461 0.1658653846153846 0.8052884615384616 0.0889423076923077 0.8052884615384616
12 0.3004807692307692 0.6370192307692307 0.37259615384615385 0.6370192307692307 0.37259615384615385 0.7836538461538461 0.3004807692307692 0.7836538461538461
9 0.4543269230769231 0.019230769230769232 0.5096153846153846 0.019230769230769232 0.5096153846153846 0.16346153846153846 0.4543269230769231 0.16346153846153846
5 0.3485576923076923 0.16826923076923078 0.4254807692307692 0.16826923076923078 0.4254807692307692 0.35336538461538464 0.3485576923076923 0.35336538461538464
4 0.28125 0.14182692307692307 0.3293269230769231 0.14182692307692307 0.3293269230769231 0.24759615384615385 0.28125 0.24759615384615385
4 0.25 0.3269230769230769 0.31009615384615385 0.3269230769230769 0.31009615384615385 0.43509615384615385 0.25 0.43509615384615385
4 0.3293269230769231 0.42788461538461536 0.3870192307692308 0.42788461538461536 0.3870192307692308 0.5408653846153846 0.3293269230769231 0.5408653846153846
4 0.4423076923076923 0.21153846153846154 0.4951923076923077 0.21153846153846154 0.4951923076923077 0.3245192307692308 0.4423076923076923 0.3245192307692308
3 0.5144230769230769 0.29086538461538464 0.5841346153846154 0.29086538461538464 0.5841346153846154 0.4326923076923077 0.5144230769230769 0.4326923076923077
10 0.5288461538461539 0.21153846153846154 0.5817307692307693 0.21153846153846154 0.5817307692307693 0.3173076923076923 0.5288461538461539 0.3173076923076923
11 0.59375 0.16105769230769232 0.6730769230769231 0.16105769230769232 0.6730769230769231 0.34134615384615385 0.59375 0.34134615384615385
8 0.6923076923076923 0.22355769230769232 0.7716346153846154 0.22355769230769232 0.7716346153846154 0.42788461538461536 0.6923076923076923 0.42788461538461536
12 0.7620192307692307 0 0.8269230769230769 0 0.8269230769230769 0.057692307692307696 0.7620192307692307 0.057692307692307696
10 0.6875 0 0.7403846153846154 0 0.7403846153846154 0.055288461538461536 0.6875 0.055288461538461536
10 0.6850961538461539 0.11298076923076923 0.7403846153846154 0.11298076923076923 0.7403846153846154 0.22115384615384615 0.6850961538461539 0.22115384615384615
10 0.7043269230769231 0.5240384615384616 0.7692307692307693 0.5240384615384616 0.7692307692307693 0.6418269230769231 0.7043269230769231 0.6418269230769231