6 0.6057692307692307 0.6875 0.6802884615384616 0.6875 0.6802884615384616 0.8293269230769231 0.6057692307692307 0.8293269230769231
6 0.8076923076923077 0.6923076923076923 0.8870192307692307 0.6923076923076923 0.8870192307692307 0.8365384615384616 0.8076923076923077 0.8365384615384616
2 0.6754807692307693 0.5192307692307693 0.7668269230769231 0.5192307692307693 0.7668269230769231 0.7283653846153846 0.6754807692307693 0.7283653846153846
5 0.5625 0.21875 0.625 0.21875 0.625 0.39903846153846156 0.5625 0.39903846153846156
4 0.6538461538461539 0.1778846153846154 0.7043269230769231 0.1778846153846154 0.7043269230769231 0.2956730769230769 0.6538461538461539 0.2956730769230769
4 0.59375 0.4735576923076923 0.6514423076923077 0.4735576923076923 0.6514423076923077 0.5961538461538461 0.59375 0.5961538461538461
4 0.4855769230769231 0.2692307692307692 0.5336538461538461 0.2692307692307692 0.5336538461538461 0.3798076923076923 0.4855769230769231 0.3798076923076923
3 0.22596153846153846 0.46153846153846156 0.3004807692307692 0.46153846153846156 0.3004807692307692 0.6081730769230769 0.22596153846153846 0.6081730769230769
8 0.21875 0.3004807692307692 0.2932692307692308 0.3004807692307692 0.2932692307692308 0.5048076923076923 0.21875 0.5048076923076923
10 0.21875 0.6081730769230769 0.27884615384615385 0.6081730769230769 0.27884615384615385 0.7211538461538461 0.21875 0.7211538461538461
12 0.13942307692307693 0.18269230769230768 0.20432692307692307 0.18269230769230768 0.20432692307692307 0.30288461538461536 0.13942307692307693 0.30288461538461536
10 0.24278846153846154 0.02403846153846154 0.2932692307692308 0.02403846153846154 0.2932692307692308 0.12740384615384615 0.24278846153846154 0.12740384615384615
10 0.3269230769230769 0.11298076923076923 0.3798076923076923 0.11298076923076923 0.3798076923076923 0.22115384615384615 0.3269230769230769 0.22115384615384615
10 0.40384615384615385 0.27403846153846156 0.4543269230769231 0.27403846153846156 0.4543269230769231 0.3870192307692308 0.40384615384615385 0.3870192307692308