3 0.3918269230769231 0.34615384615384615 0.4639423076923077 0.34615384615384615 0.4639423076923077 0.49038461538461536 0.3918269230769231 0.49038461538461536
4 0.49038461538461536 0.014423076923076924 0.5408653846153846 0.014423076923076924 0.5408653846153846 0.125 0.49038461538461536 0.125
6 0.7932692307692307 0.7091346153846154 0.8870192307692307 0.7091346153846154 0.8870192307692307 0.8605769230769231 0.7932692307692307 0.8605769230769231
2 0.7596153846153846 0.41346153846153844 0.8557692307692307 0.41346153846153844 0.8557692307692307 0.6274038461538461 0.7596153846153846 0.6274038461538461
5 0.5600961538461539 0.21394230769230768 0.6298076923076923 0.21394230769230768 0.6298076923076923 0.40865384615384615 0.5600961538461539 0.40865384615384615
4 0.6682692307692307 0.37740384615384615 0.7235576923076923 0.37740384615384615 0.7235576923076923 0.49038461538461536 0.6682692307692307 0.49038461538461536
4 0.6538461538461539 0.19230769230769232 0.7019230769230769 0.19230769230769232 0.7019230769230769 0.30288461538461536 0.6538461538461539 0.30288461538461536
4 0.47836538461538464 0.2692307692307692 0.5336538461538461 0.2692307692307692 0.5336538461538461 0.3798076923076923 0.47836538461538464 0.3798076923076923
4 0.5865384615384616 0.47836538461538464 0.6442307692307693 0.47836538461538464 0.6442307692307693 0.5961538461538461 0.5865384615384616 0.5961538461538461
12 0.5889423076923077 0.6875 0.6706730769230769 0.6875 0.6706730769230769 0.8389423076923077 0.5889423076923077 0.8389423076923077
12 0.15625 0.002403846153846154 0.22115384615384615 0.002403846153846154 0.22115384615384615 0.12259615384615384 0.15625 0.12259615384615384
11 0.31009615384615385 0.21875 0.37740384615384615 0.21875 0.37740384615384615 0.40384615384615385 0.31009615384615385 0.40384615384615385
8 0.20432692307692307 0.28846153846153844 0.2860576923076923 0.28846153846153844 0.2860576923076923 0.49759615384615385 0.20432692307692307 0.49759615384615385
7 0.38461538461538464 0.5600961538461539 0.4543269230769231 0.5600961538461539 0.4543269230769231 0.7139423076923077 0.38461538461538464 0.7139423076923077
9 0.4735576923076923 0.07451923076923077 0.5336538461538461 0.07451923076923077 0.5336538461538461 0.21394230769230768 0.4735576923076923 0.21394230769230768
9 0.2980769230769231 0.4495192307692308 0.3701923076923077 0.4495192307692308 0.3701923076923077 0.6009615384615384 0.2980769230769231 0.6009615384615384
10 0.3942307692307692 0.2620192307692308 0.4495192307692308 0.2620192307692308 0.4495192307692308 0.375 0.3942307692307692 0.375
10 0.2403846153846154 0.002403846153846154 0.2932692307692308 0.002403846153846154 0.2932692307692308 0.11298076923076923 0.2403846153846154 0.11298076923076923
10 0.2403846153846154 0.17067307692307693 0.2932692307692308 0.17067307692307693 0.2932692307692308 0.2860576923076923 0.2403846153846154 0.2860576923076923
10 0.1971153846153846 0.5841346153846154 0.2620192307692308 0.5841346153846154 0.2620192307692308 0.7091346153846154 0.1971153846153846 0.7091346153846154