3 0.41346153846153844 0.3125 0.4831730769230769 0.3125 0.4831730769230769 0.4543269230769231 0.41346153846153844 0.4543269230769231
4 0.4879807692307692 0.002403846153846154 0.5384615384615384 0.002403846153846154 0.5384615384615384 0.09615384615384616 0.4879807692307692 0.09615384615384616
6 0.8245192307692307 0.6658653846153846 0.9158653846153846 0.6658653846153846 0.9158653846153846 0.8125 0.8245192307692307 0.8125
2 0.7764423076923077 0.37740384615384615 0.875 0.37740384615384615 0.875 0.5841346153846154 0.7764423076923077 0.5841346153846154
5 0.5673076923076923 0.18269230769230768 0.6418269230769231 0.18269230769230768 0.6418269230769231 0.37259615384615385 0.5673076923076923 0.37259615384615385
4 0.6826923076923077 0.34134615384615385 0.7379807692307693 0.34134615384615385 0.7379807692307693 0.4495192307692308 0.6826923076923077 0.4495192307692308
4 0.6586538461538461 0.16105769230769232 0.7091346153846154 0.16105769230769232 0.7091346153846154 0.2692307692307692 0.6586538461538461 0.2692307692307692
4 0.49278846153846156 0.23557692307692307 0.5480769230769231 0.23557692307692307 0.5480769230769231 0.34375 0.49278846153846156 0.34375
4 0.6081730769230769 0.4423076923076923 0.6658653846153846 0.4423076923076923 0.6658653846153846 0.5552884615384616 0.6081730769230769 0.5552884615384616
12 0.6225961538461539 0.6442307692307693 0.7043269230769231 0.6442307692307693 0.7043269230769231 0.7932692307692307 0.6225961538461539 0.7932692307692307
12 0.16105769230769232 0 0.22596153846153846 0 0.22596153846153846 0.09615384615384616 0.16105769230769232 0.09615384615384616
11 0.3245192307692308 0.1875 0.3942307692307692 0.1875 0.3942307692307692 0.3701923076923077 0.3245192307692308 0.3701923076923077
8 0.22355769230769232 0.25721153846153844 0.3076923076923077 0.25721153846153844 0.3076923076923077 0.46153846153846156 0.22355769230769232 0.46153846153846156
7 0.4182692307692308 0.5216346153846154 0.4855769230769231 0.5216346153846154 0.4855769230769231 0.6706730769230769 0.4182692307692308 0.6706730769230769
9 0.47596153846153844 0.04567307692307692 0.5360576923076923 0.04567307692307692 0.5360576923076923 0.18509615384615385 0.47596153846153844 0.18509615384615385
9 0.3245192307692308 0.41346153846153844 0.39903846153846156 0.41346153846153844 0.39903846153846156 0.5600961538461539 0.3245192307692308 0.5600961538461539
10 0.40865384615384615 0.23076923076923078 0.46153846153846156 0.23076923076923078 0.46153846153846156 0.3389423076923077 0.40865384615384615 0.3389423076923077
10 0.2403846153846154 0.002403846153846154 0.2980769230769231 0.002403846153846154 0.2980769230769231 0.0889423076923077 0.2403846153846154 0.0889423076923077
10 0.2548076923076923 0.14182692307692307 0.30528846153846156 0.14182692307692307 0.30528846153846156 0.2548076923076923 0.2548076923076923 0.2548076923076923
10 0.23317307692307693 0.5456730769230769 0.2980769230769231 0.5456730769230769 0.2980769230769231 0.6682692307692307 0.23317307692307693 0.6682692307692307