2 0.78125 0.19471153846153846 0.8725961538461539 0.19471153846153846 0.8725961538461539 0.4182692307692308 0.78125 0.4182692307692308
1 0.6129807692307693 0.07932692307692307 0.6778846153846154 0.07932692307692307 0.6778846153846154 0.23317307692307693 0.6129807692307693 0.23317307692307693
6 0.5817307692307693 0.002403846153846154 0.6418269230769231 0.002403846153846154 0.6418269230769231 0.14182692307692307 0.5817307692307693 0.14182692307692307
6 0.5096153846153846 0.09375 0.5745192307692307 0.09375 0.5745192307692307 0.23076923076923078 0.5096153846153846 0.23076923076923078
4 0.7115384615384616 0.2932692307692308 0.7668269230769231 0.2932692307692308 0.7668269230769231 0.41346153846153844 0.7115384615384616 0.41346153846153844
4 0.7740384615384616 0.7644230769230769 0.8413461538461539 0.7644230769230769 0.8413461538461539 0.8918269230769231 0.7740384615384616 0.8918269230769231
4 0.6298076923076923 0.4951923076923077 0.6899038461538461 0.4951923076923077 0.6899038461538461 0.6274038461538461 0.6298076923076923 0.6274038461538461
4 0.5576923076923077 0.6274038461538461 0.6274038461538461 0.6274038461538461 0.6274038461538461 0.7644230769230769 0.5576923076923077 0.7644230769230769
4 0.4230769230769231 0.11778846153846154 0.47596153846153844 0.11778846153846154 0.47596153846153844 0.23076923076923078 0.4230769230769231 0.23076923076923078
3 0.43990384615384615 0.1778846153846154 0.5120192307692307 0.1778846153846154 0.5120192307692307 0.3269230769230769 0.43990384615384615 0.3269230769230769
3 0.23076923076923078 0.5913461538461539 0.31971153846153844 0.5913461538461539 0.31971153846153844 0.7524038461538461 0.23076923076923078 0.7524038461538461
8 0.13701923076923078 0.31009615384615385 0.22596153846153846 0.31009615384615385 0.22596153846153846 0.53125 0.13701923076923078 0.53125
7 0.15865384615384615 0.06971153846153846 0.2403846153846154 0.06971153846153846 0.2403846153846154 0.22355769230769232 0.15865384615384615 0.22355769230769232
7 0.35096153846153844 0.3581730769230769 0.42788461538461536 0.3581730769230769 0.42788461538461536 0.5216346153846154 0.35096153846153844 0.5216346153846154
12 0.17548076923076922 0.014423076923076924 0.24759615384615385 0.014423076923076924 0.24759615384615385 0.16105769230769232 0.17548076923076922 0.16105769230769232
11 0.3317307692307692 0.04567307692307692 0.40865384615384615 0.04567307692307692 0.40865384615384615 0.2403846153846154 0.3317307692307692 0.2403846153846154
9 0.22115384615384615 0.7403846153846154 0.31009615384615385 0.7403846153846154 0.31009615384615385 0.9182692307692307 0.22115384615384615 0.9182692307692307
10 0.2668269230769231 0.0985576923076923 0.3269230769230769 0.0985576923076923 0.3269230769230769 0.22115384615384615 0.2668269230769231 0.22115384615384615
10 0.25 0.28846153846153844 0.3125 0.28846153846153844 0.3125 0.4014423076923077 0.25 0.4014423076923077
10 0.24759615384615385 0.3894230769230769 0.31971153846153844 0.3894230769230769 0.31971153846153844 0.5144230769230769 0.24759615384615385 0.5144230769230769
10 0.3557692307692308 0.5264423076923077 0.4254807692307692 0.5264423076923077 0.4254807692307692 0.6610576923076923 0.3557692307692308 0.6610576923076923