9 0.5048076923076923 0.5817307692307693 0.5793269230769231 0.5817307692307693 0.5793269230769231 0.75 0.5048076923076923 0.75
8 0.8028846153846154 0.21394230769230768 0.8894230769230769 0.21394230769230768 0.8894230769230769 0.42788461538461536 0.8028846153846154 0.42788461538461536
11 0.6322115384615384 0.06009615384615385 0.6995192307692307 0.06009615384615385 0.6995192307692307 0.24519230769230768 0.6322115384615384 0.24519230769230768
7 0.5264423076923077 0.3701923076923077 0.5985576923076923 0.3701923076923077 0.5985576923076923 0.5216346153846154 0.5264423076923077 0.5216346153846154
12 0.5504807692307693 0.0985576923076923 0.6153846153846154 0.0985576923076923 0.6153846153846154 0.2283653846153846 0.5504807692307693 0.2283653846153846
10 0.5336538461538461 0.28125 0.5913461538461539 0.28125 0.5913461538461539 0.3918269230769231 0.5336538461538461 0.3918269230769231
10 0.7043269230769231 0.11778846153846154 0.7716346153846154 0.11778846153846154 0.7716346153846154 0.2403846153846154 0.7043269230769231 0.2403846153846154
10 0.71875 0.2980769230769231 0.7764423076923077 0.2980769230769231 0.7764423076923077 0.41346153846153844 0.71875 0.41346153846153844
10 0.6153846153846154 0.5168269230769231 0.6754807692307693 0.5168269230769231 0.6754807692307693 0.6490384615384616 0.6153846153846154 0.6490384615384616
6 0.7091346153846154 0.021634615384615384 0.7788461538461539 0.021634615384615384 0.7788461538461539 0.14903846153846154 0.7091346153846154 0.14903846153846154
3 0.7115384615384616 0.5865384615384616 0.7956730769230769 0.5865384615384616 0.7956730769230769 0.7572115384615384 0.7115384615384616 0.7572115384615384
1 0.46634615384615385 0.16346153846153846 0.5216346153846154 0.16346153846153846 0.5216346153846154 0.31490384615384615 0.46634615384615385 0.31490384615384615
2 0.1778846153846154 0.19471153846153846 0.2668269230769231 0.19471153846153846 0.2668269230769231 0.40384615384615385 0.1778846153846154 0.40384615384615385
4 0.28365384615384615 0.28365384615384615 0.33653846153846156 0.28365384615384615 0.33653846153846156 0.4014423076923077 0.28365384615384615 0.4014423076923077
4 0.4206730769230769 0.6153846153846154 0.47836538461538464 0.6153846153846154 0.47836538461538464 0.7451923076923077 0.4206730769230769 0.7451923076923077
4 0.3557692307692308 0.4879807692307692 0.41346153846153844 0.4879807692307692 0.41346153846153844 0.6129807692307693 0.3557692307692308 0.6129807692307693