9 0.40865384615384615 0.5600961538461539 0.4807692307692308 0.5600961538461539 0.4807692307692308 0.7283653846153846 0.40865384615384615 0.7283653846153846
8 0.11057692307692307 0.19230769230769232 0.19471153846153846 0.19230769230769232 0.19471153846153846 0.40625 0.11057692307692307 0.40625
11 0.3076923076923077 0.036057692307692304 0.375 0.036057692307692304 0.375 0.22115384615384615 0.3076923076923077 0.22115384615384615
7 0.39903846153846156 0.3485576923076923 0.46875 0.3485576923076923 0.46875 0.49759615384615385 0.39903846153846156 0.49759615384615385
12 0.3894230769230769 0.07451923076923077 0.4543269230769231 0.07451923076923077 0.4543269230769231 0.20673076923076922 0.3894230769230769 0.20673076923076922
10 0.40865384615384615 0.25961538461538464 0.46634615384615385 0.25961538461538464 0.46634615384615385 0.3701923076923077 0.40865384615384615 0.3701923076923077
10 0.23317307692307693 0.09615384615384616 0.3004807692307692 0.09615384615384616 0.3004807692307692 0.21634615384615385 0.23317307692307693 0.21634615384615385
10 0.22355769230769232 0.27403846153846156 0.27884615384615385 0.27403846153846156 0.27884615384615385 0.3894230769230769 0.22355769230769232 0.3894230769230769
10 0.31490384615384615 0.4951923076923077 0.37259615384615385 0.4951923076923077 0.37259615384615385 0.6274038461538461 0.31490384615384615 0.6274038461538461
6 0.23076923076923078 0 0.2980769230769231 0 0.2980769230769231 0.12740384615384615 0.23076923076923078 0.12740384615384615
3 0.19230769230769232 0.5625 0.27403846153846156 0.5625 0.27403846153846156 0.7331730769230769 0.19230769230769232 0.7331730769230769
1 0.4807692307692308 0.13942307692307693 0.5336538461538461 0.13942307692307693 0.5336538461538461 0.29086538461538464 0.4807692307692308 0.29086538461538464
2 0.7331730769230769 0.17307692307692307 0.8197115384615384 0.17307692307692307 0.8197115384615384 0.38221153846153844 0.7331730769230769 0.38221153846153844
4 0.6634615384615384 0.2620192307692308 0.7163461538461539 0.2620192307692308 0.7163461538461539 0.3798076923076923 0.6634615384615384 0.3798076923076923
4 0.5096153846153846 0.5913461538461539 0.5649038461538461 0.5913461538461539 0.5649038461538461 0.7211538461538461 0.5096153846153846 0.7211538461538461
4 0.5793269230769231 0.46634615384615385 0.6346153846153846 0.46634615384615385 0.6346153846153846 0.5889423076923077 0.5793269230769231 0.5889423076923077