5 0.8076923076923077 0.33653846153846156 0.8942307692307693 0.33653846153846156 0.8942307692307693 0.5216346153846154 0.8076923076923077 0.5216346153846154
2 0.7836538461538461 0.22355769230769232 0.8653846153846154 0.22355769230769232 0.8653846153846154 0.41586538461538464 0.7836538461538461 0.41586538461538464
3 0.7836538461538461 0.19230769230769232 0.8557692307692307 0.19230769230769232 0.8557692307692307 0.32211538461538464 0.7836538461538461 0.32211538461538464
3 0.8365384615384616 0.5096153846153846 0.9230769230769231 0.5096153846153846 0.9230769230769231 0.6394230769230769 0.8365384615384616 0.6394230769230769
1 0.7644230769230769 0.0889423076923077 0.8221153846153846 0.0889423076923077 0.8221153846153846 0.23317307692307693 0.7644230769230769 0.23317307692307693
1 0.8533653846153846 0.625 0.9254807692307693 0.625 0.9254807692307693 0.7668269230769231 0.8533653846153846 0.7668269230769231
6 0.7403846153846154 0.016826923076923076 0.8004807692307693 0.016826923076923076 0.8004807692307693 0.14903846153846154 0.7403846153846154 0.14903846153846154
6 0.8798076923076923 0.7668269230769231 0.9615384615384616 0.7668269230769231 0.9615384615384616 0.9038461538461539 0.8798076923076923 0.9038461538461539
4 0.7764423076923077 0.7740384615384616 0.84375 0.7740384615384616 0.84375 0.8942307692307693 0.7764423076923077 0.8942307692307693
4 0.7475961538461539 0.625 0.8173076923076923 0.625 0.8173076923076923 0.7451923076923077 0.7475961538461539 0.7451923076923077
4 0.7211538461538461 0.5192307692307693 0.7836538461538461 0.5192307692307693 0.7836538461538461 0.6274038461538461 0.7211538461538461 0.6274038461538461
4 0.71875 0.39903846153846156 0.7764423076923077 0.39903846153846156 0.7764423076923077 0.5072115384615384 0.71875 0.5072115384615384
4 0.7091346153846154 0.31009615384615385 0.7620192307692307 0.31009615384615385 0.7620192307692307 0.41586538461538464 0.7091346153846154 0.41586538461538464
4 0.6995192307692307 0.22596153846153846 0.7524038461538461 0.22596153846153846 0.7524038461538461 0.33413461538461536 0.6995192307692307 0.33413461538461536
4 0.6802884615384616 0.13221153846153846 0.7259615384615384 0.13221153846153846 0.7259615384615384 0.23317307692307693 0.6802884615384616 0.23317307692307693
4 0.6730769230769231 0.038461538461538464 0.7211538461538461 0.038461538461538464 0.7211538461538461 0.14423076923076922 0.6730769230769231 0.14423076923076922
11 0.15625 0.24278846153846154 0.2283653846153846 0.24278846153846154 0.2283653846153846 0.4254807692307692 0.15625 0.4254807692307692
8 0.13701923076923078 0.3173076923076923 0.21875 0.3173076923076923 0.21875 0.5264423076923077 0.13701923076923078 0.5264423076923077
9 0.14903846153846154 0.1875 0.22115384615384615 0.1875 0.22115384615384615 0.31009615384615385 0.14903846153846154 0.31009615384615385
9 0.14182692307692307 0.49759615384615385 0.21634615384615385 0.49759615384615385 0.21634615384615385 0.6394230769230769 0.14182692307692307 0.6394230769230769
7 0.16826923076923078 0.07692307692307693 0.2283653846153846 0.07692307692307693 0.2283653846153846 0.22115384615384615 0.16826923076923078 0.22115384615384615
7 0.12740384615384615 0.6225961538461539 0.20192307692307693 0.6225961538461539 0.20192307692307693 0.7716346153846154 0.12740384615384615 0.7716346153846154
12 0.1778846153846154 0.016826923076923076 0.23798076923076922 0.016826923076923076 0.23798076923076922 0.1466346153846154 0.1778846153846154 0.1466346153846154
12 0.11778846153846154 0.7740384615384616 0.1971153846153846 0.7740384615384616 0.1971153846153846 0.9206730769230769 0.11778846153846154 0.9206730769230769
10 0.25721153846153844 0.03365384615384615 0.3076923076923077 0.03365384615384615 0.3076923076923077 0.13942307692307693 0.25721153846153844 0.13942307692307693
10 0.2644230769230769 0.11778846153846154 0.31490384615384615 0.11778846153846154 0.31490384615384615 0.22596153846153846 0.2644230769230769 0.22596153846153846
10 0.25240384615384615 0.2091346153846154 0.30288461538461536 0.2091346153846154 0.30288461538461536 0.3173076923076923 0.25240384615384615 0.3173076923076923
10 0.2548076923076923 0.2980769230769231 0.3125 0.2980769230769231 0.3125 0.4014423076923077 0.2548076923076923 0.4014423076923077
10 0.2548076923076923 0.39903846153846156 0.3125 0.39903846153846156 0.3125 0.5120192307692307 0.2548076923076923 0.5120192307692307
10 0.25 0.5168269230769231 0.3076923076923077 0.5168269230769231 0.3076923076923077 0.6322115384615384 0.25 0.6322115384615384
10 0.2403846153846154 0.6442307692307693 0.30288461538461536 0.6442307692307693 0.30288461538461536 0.7620192307692307 0.2403846153846154 0.7620192307692307
10 0.23317307692307693 0.7908653846153846 0.30528846153846156 0.7908653846153846 0.30528846153846156 0.90625 0.23317307692307693 0.90625