7 0.5192307692307693 0.3581730769230769 0.5913461538461539 0.3581730769230769 0.5913461538461539 0.5 0.5192307692307693 0.5
12 0.5336538461538461 0.2692307692307692 0.59375 0.2692307692307692 0.59375 0.40384615384615385 0.5336538461538461 0.40384615384615385
9 0.5120192307692307 0.5697115384615384 0.5841346153846154 0.5697115384615384 0.5841346153846154 0.7307692307692307 0.5120192307692307 0.7307692307692307
8 0.7932692307692307 0.19230769230769232 0.875 0.19230769230769232 0.875 0.40625 0.7932692307692307 0.40625
11 0.6201923076923077 0.05048076923076923 0.6899038461538461 0.05048076923076923 0.6899038461538461 0.2283653846153846 0.6201923076923077 0.2283653846153846
10 0.6971153846153846 0.10336538461538461 0.7548076923076923 0.10336538461538461 0.7548076923076923 0.21634615384615385 0.6971153846153846 0.21634615384615385
10 0.7115384615384616 0.27884615384615385 0.7692307692307693 0.27884615384615385 0.7692307692307693 0.3894230769230769 0.7115384615384616 0.3894230769230769
10 0.6177884615384616 0.5048076923076923 0.6682692307692307 0.5048076923076923 0.6682692307692307 0.6225961538461539 0.6177884615384616 0.6225961538461539
6 0.7019230769230769 0 0.75 0 0.75 0.12740384615384615 0.7019230769230769 0.12740384615384615
3 0.6201923076923077 0.3389423076923077 0.6826923076923077 0.3389423076923077 0.6826923076923077 0.49759615384615385 0.6201923076923077 0.49759615384615385
2 0.18028846153846154 0.19471153846153846 0.2692307692307692 0.19471153846153846 0.2692307692307692 0.39663461538461536 0.18028846153846154 0.39663461538461536
4 0.5432692307692307 0.4831730769230769 0.5985576923076923 0.4831730769230769 0.5985576923076923 0.59375 0.5432692307692307 0.59375
4 0.3798076923076923 0.28125 0.43509615384615385 0.28125 0.43509615384615385 0.39663461538461536 0.3798076923076923 0.39663461538461536
4 0.4254807692307692 0.6033653846153846 0.4831730769230769 0.6033653846153846 0.4831730769230769 0.7235576923076923 0.4254807692307692 0.7235576923076923