6 0.10336538461538461 0.6802884615384616 0.18028846153846154 0.6802884615384616 0.18028846153846154 0.8197115384615384 0.10336538461538461 0.8197115384615384
2 0.21394230769230768 0.5048076923076923 0.2980769230769231 0.5048076923076923 0.2980769230769231 0.7115384615384616 0.21394230769230768 0.7115384615384616
5 0.3485576923076923 0.21634615384615385 0.4110576923076923 0.21634615384615385 0.4110576923076923 0.3870192307692308 0.3485576923076923 0.3870192307692308
4 0.2764423076923077 0.1778846153846154 0.3245192307692308 0.1778846153846154 0.3245192307692308 0.2860576923076923 0.2764423076923077 0.2860576923076923
4 0.2548076923076923 0.3557692307692308 0.3076923076923077 0.3557692307692308 0.3076923076923077 0.4639423076923077 0.2548076923076923 0.4639423076923077
4 0.3293269230769231 0.45913461538461536 0.38461538461538464 0.45913461538461536 0.38461538461538464 0.5673076923076923 0.3293269230769231 0.5673076923076923
4 0.4375 0.2548076923076923 0.49038461538461536 0.2548076923076923 0.49038461538461536 0.3581730769230769 0.4375 0.3581730769230769
3 0.5120192307692307 0.3293269230769231 0.5721153846153846 0.3293269230769231 0.5721153846153846 0.46634615384615385 0.5120192307692307 0.46634615384615385
7 0.5120192307692307 0.5384615384615384 0.5745192307692307 0.5384615384615384 0.5745192307692307 0.6850961538461539 0.5120192307692307 0.6850961538461539
11 0.5889423076923077 0.20673076923076922 0.65625 0.20673076923076922 0.65625 0.38221153846153844 0.5889423076923077 0.38221153846153844
8 0.6778846153846154 0.27403846153846156 0.7524038461538461 0.27403846153846156 0.7524038461538461 0.47115384615384615 0.6778846153846154 0.47115384615384615
9 0.5961538461538461 0.4254807692307692 0.6586538461538461 0.4254807692307692 0.6586538461538461 0.5697115384615384 0.5961538461538461 0.5697115384615384
10 0.5216346153846154 0.2548076923076923 0.5697115384615384 0.2548076923076923 0.5697115384615384 0.3581730769230769 0.5216346153846154 0.3581730769230769
10 0.6706730769230769 0.16346153846153846 0.71875 0.16346153846153846 0.71875 0.2692307692307692 0.6706730769230769 0.2692307692307692
10 0.6947115384615384 0.5625 0.7524038461538461 0.5625 0.7524038461538461 0.6778846153846154 0.6947115384615384 0.6778846153846154
10 0.6706730769230769 0.016826923076923076 0.7211538461538461 0.016826923076923076 0.7211538461538461 0.11057692307692307 0.6706730769230769 0.11057692307692307
12 0.7451923076923077 0.016826923076923076 0.8028846153846154 0.016826923076923076 0.8028846153846154 0.11298076923076923 0.7451923076923077 0.11298076923076923
12 0.30288461538461536 0.6586538461538461 0.37259615384615385 0.6586538461538461 0.37259615384615385 0.8076923076923077 0.30288461538461536 0.8076923076923077