8 0.8100961538461539 0.17067307692307693 0.8966346153846154 0.17067307692307693 0.8966346153846154 0.3918269230769231 0.8100961538461539 0.3918269230769231
10 0.7091346153846154 0.0889423076923077 0.7716346153846154 0.0889423076923077 0.7716346153846154 0.20192307692307693 0.7091346153846154 0.20192307692307693
10 0.7211538461538461 0.2644230769230769 0.7860576923076923 0.2644230769230769 0.7860576923076923 0.3870192307692308 0.7211538461538461 0.3870192307692308
12 0.5360576923076923 0.24278846153846154 0.6033653846153846 0.24278846153846154 0.6033653846153846 0.3870192307692308 0.5360576923076923 0.3870192307692308
7 0.5264423076923077 0.34375 0.5961538461538461 0.34375 0.5961538461538461 0.5 0.5264423076923077 0.5
10 0.6153846153846154 0.49278846153846156 0.6850961538461539 0.49278846153846156 0.6850961538461539 0.6177884615384616 0.6153846153846154 0.6177884615384616
11 0.17548076923076922 0.19951923076923078 0.25721153846153844 0.19951923076923078 0.25721153846153844 0.3894230769230769 0.17548076923076922 0.3894230769230769
2 0.25721153846153844 0.18028846153846154 0.34375 0.18028846153846154 0.34375 0.3942307692307692 0.25721153846153844 0.3942307692307692
6 0.7139423076923077 0.004807692307692308 0.7788461538461539 0.004807692307692308 0.7788461538461539 0.10817307692307693 0.7139423076923077 0.10817307692307693
4 0.6322115384615384 0.36778846153846156 0.6923076923076923 0.36778846153846156 0.6923076923076923 0.49278846153846156 0.6322115384615384 0.49278846153846156
4 0.4206730769230769 0.5985576923076923 0.4879807692307692 0.5985576923076923 0.4879807692307692 0.7235576923076923 0.4206730769230769 0.7235576923076923
4 0.38221153846153844 0.2620192307692308 0.4375 0.2620192307692308 0.4375 0.38461538461538464 0.38221153846153844 0.38461538461538464