8 0.125 0.19471153846153846 0.20673076923076922 0.19471153846153846 0.20673076923076922 0.40865384615384615 0.125 0.40865384615384615
10 0.24519230769230768 0.1201923076923077 0.30528846153846156 0.1201923076923077 0.30528846153846156 0.22596153846153846 0.24519230769230768 0.22596153846153846
10 0.2283653846153846 0.2860576923076923 0.29086538461538464 0.2860576923076923 0.29086538461538464 0.4014423076923077 0.2283653846153846 0.4014423076923077
12 0.40384615384615385 0.2668269230769231 0.46634615384615385 0.2668269230769231 0.46634615384615385 0.40625 0.40384615384615385 0.40625
7 0.40865384615384615 0.3629807692307692 0.4735576923076923 0.3629807692307692 0.4735576923076923 0.5120192307692307 0.40865384615384615 0.5120192307692307
10 0.31971153846153844 0.5048076923076923 0.3870192307692308 0.5048076923076923 0.3870192307692308 0.625 0.31971153846153844 0.625
11 0.7331730769230769 0.23076923076923078 0.8100961538461539 0.23076923076923078 0.8100961538461539 0.4110576923076923 0.7331730769230769 0.4110576923076923
2 0.6514423076923077 0.21153846153846154 0.7331730769230769 0.21153846153846154 0.7331730769230769 0.41586538461538464 0.6514423076923077 0.41586538461538464
6 0.2403846153846154 0.01201923076923077 0.30288461538461536 0.01201923076923077 0.30288461538461536 0.13701923076923078 0.2403846153846154 0.13701923076923078
4 0.3173076923076923 0.3870192307692308 0.37259615384615385 0.3870192307692308 0.37259615384615385 0.5048076923076923 0.3173076923076923 0.5048076923076923
4 0.5048076923076923 0.6081730769230769 0.5697115384615384 0.6081730769230769 0.5697115384615384 0.7283653846153846 0.5048076923076923 0.7283653846153846
4 0.5600961538461539 0.2860576923076923 0.6129807692307693 0.2860576923076923 0.6129807692307693 0.40384615384615385 0.5600961538461539 0.40384615384615385