2 0.7451923076923077 0.1658653846153846 0.8365384615384616 0.1658653846153846 0.8365384615384616 0.3918269230769231 0.7451923076923077 0.3918269230769231
1 0.5793269230769231 0.04807692307692308 0.6370192307692307 0.04807692307692308 0.6370192307692307 0.20192307692307693 0.5793269230769231 0.20192307692307693
6 0.5432692307692307 0 0.6129807692307693 0 0.6129807692307693 0.11298076923076923 0.5432692307692307 0.11298076923076923
6 0.4807692307692308 0.34375 0.5600961538461539 0.34375 0.5600961538461539 0.5144230769230769 0.4807692307692308 0.5144230769230769
4 0.6634615384615384 0.2620192307692308 0.7259615384615384 0.2620192307692308 0.7259615384615384 0.3870192307692308 0.6634615384615384 0.3870192307692308
4 0.7235576923076923 0.7307692307692307 0.7908653846153846 0.7307692307692307 0.7908653846153846 0.8629807692307693 0.7235576923076923 0.8629807692307693
4 0.5096153846153846 0.6105769230769231 0.5793269230769231 0.6105769230769231 0.5793269230769231 0.7451923076923077 0.5096153846153846 0.7451923076923077
4 0.5817307692307693 0.46634615384615385 0.6442307692307693 0.46634615384615385 0.6442307692307693 0.6033653846153846 0.5817307692307693 0.6033653846153846
4 0.38221153846153844 0.09375 0.43990384615384615 0.09375 0.43990384615384615 0.2091346153846154 0.38221153846153844 0.2091346153846154
4 0.46153846153846156 0.0889423076923077 0.5240384615384616 0.0889423076923077 0.5240384615384616 0.20432692307692307 0.46153846153846156 0.20432692307692307
3 0.5673076923076923 0.23557692307692307 0.6418269230769231 0.23557692307692307 0.6418269230769231 0.39903846153846156 0.5673076923076923 0.39903846153846156
3 0.3918269230769231 0.7067307692307693 0.47115384615384615 0.7067307692307693 0.47115384615384615 0.8846153846153846 0.3918269230769231 0.8846153846153846
11 0.3004807692307692 0.014423076923076924 0.37259615384615385 0.014423076923076924 0.37259615384615385 0.21153846153846154 0.3004807692307692 0.21153846153846154
9 0.16105769230769232 0.7211538461538461 0.25721153846153844 0.7211538461538461 0.25721153846153844 0.8966346153846154 0.16105769230769232 0.8966346153846154
12 0.13942307692307693 0 0.21153846153846154 0 0.21153846153846154 0.12259615384615384 0.13942307692307693 0.12259615384615384
7 0.30528846153846156 0.33653846153846156 0.3798076923076923 0.33653846153846156 0.3798076923076923 0.5024038461538461 0.30528846153846156 0.5024038461538461
7 0.13221153846153846 0.03125 0.20192307692307693 0.03125 0.20192307692307693 0.20673076923076922 0.13221153846153846 0.20673076923076922
8 0.07932692307692307 0.2860576923076923 0.18269230769230768 0.2860576923076923 0.18269230769230768 0.5096153846153846 0.07932692307692307 0.5096153846153846
10 0.375 0 0.43990384615384615 0 0.43990384615384615 0.10817307692307693 0.375 0.10817307692307693
10 0.22596153846153846 0.07451923076923077 0.28846153846153844 0.07451923076923077 0.28846153846153844 0.1971153846153846 0.22596153846153846 0.1971153846153846
10 0.21153846153846154 0.25721153846153844 0.2668269230769231 0.25721153846153844 0.2668269230769231 0.3798076923076923 0.21153846153846154 0.3798076923076923
10 0.20432692307692307 0.36538461538461536 0.2692307692307692 0.36538461538461536 0.2692307692307692 0.49278846153846156 0.20432692307692307 0.49278846153846156
10 0.30528846153846156 0.4951923076923077 0.37740384615384615 0.4951923076923077 0.37740384615384615 0.6298076923076923 0.30528846153846156 0.6298076923076923