2 0.1658653846153846 0.18509615384615385 0.2548076923076923 0.18509615384615385 0.2548076923076923 0.4014423076923077 0.1658653846153846 0.4014423076923077
1 0.3629807692307692 0.07451923076923077 0.41586538461538464 0.07451923076923077 0.41586538461538464 0.22115384615384615 0.3629807692307692 0.22115384615384615
6 0.38461538461538464 0.004807692307692308 0.4519230769230769 0.004807692307692308 0.4519230769230769 0.13701923076923078 0.38461538461538464 0.13701923076923078
6 0.42788461538461536 0.3581730769230769 0.5048076923076923 0.3581730769230769 0.5048076923076923 0.5216346153846154 0.42788461538461536 0.5216346153846154
4 0.2692307692307692 0.2764423076923077 0.3293269230769231 0.2764423076923077 0.3293269230769231 0.39903846153846156 0.2692307692307692 0.39903846153846156
4 0.19951923076923078 0.7259615384615384 0.2644230769230769 0.7259615384615384 0.2644230769230769 0.8533653846153846 0.19951923076923078 0.8533653846153846
4 0.40384615384615385 0.6129807692307693 0.47115384615384615 0.6129807692307693 0.47115384615384615 0.7451923076923077 0.40384615384615385 0.7451923076923077
4 0.34615384615384615 0.4735576923076923 0.40384615384615385 0.4735576923076923 0.40384615384615385 0.6057692307692307 0.34615384615384615 0.6057692307692307
4 0.5504807692307693 0.1201923076923077 0.6033653846153846 0.1201923076923077 0.6033653846153846 0.23076923076923078 0.5504807692307693 0.23076923076923078
4 0.46875 0.11298076923076923 0.5288461538461539 0.11298076923076923 0.5288461538461539 0.22596153846153846 0.46875 0.22596153846153846
3 0.35336538461538464 0.25240384615384615 0.4230769230769231 0.25240384615384615 0.4230769230769231 0.41346153846153844 0.35336538461538464 0.41346153846153844
3 0.5048076923076923 0.7067307692307693 0.5817307692307693 0.7067307692307693 0.5817307692307693 0.8798076923076923 0.5048076923076923 0.8798076923076923
11 0.6153846153846154 0.04567307692307692 0.6850961538461539 0.04567307692307692 0.6850961538461539 0.23317307692307693 0.6153846153846154 0.23317307692307693
9 0.7115384615384616 0.7235576923076923 0.8028846153846154 0.7235576923076923 0.8028846153846154 0.8942307692307693 0.7115384615384616 0.8942307692307693
12 0.7716346153846154 0.016826923076923076 0.8389423076923077 0.016826923076923076 0.8389423076923077 0.14903846153846154 0.7716346153846154 0.14903846153846154
7 0.6009615384615384 0.35096153846153844 0.6730769230769231 0.35096153846153844 0.6730769230769231 0.5144230769230769 0.6009615384615384 0.5144230769230769
7 0.7788461538461539 0.0625 0.8461538461538461 0.0625 0.8461538461538461 0.23076923076923078 0.7788461538461539 0.23076923076923078
8 0.7932692307692307 0.3076923076923077 0.8918269230769231 0.3076923076923077 0.8918269230769231 0.5216346153846154 0.7932692307692307 0.5216346153846154
10 0.5528846153846154 0.016826923076923076 0.6129807692307693 0.016826923076923076 0.6129807692307693 0.13221153846153846 0.5528846153846154 0.13221153846153846
10 0.6947115384615384 0.10096153846153846 0.7548076923076923 0.10096153846153846 0.7548076923076923 0.22115384615384615 0.6947115384615384 0.22115384615384615
10 0.7139423076923077 0.27884615384615385 0.7668269230769231 0.27884615384615385 0.7668269230769231 0.39663461538461536 0.7139423076923077 0.39663461538461536
10 0.7067307692307693 0.38221153846153844 0.7692307692307693 0.38221153846153844 0.7692307692307693 0.5048076923076923 0.7067307692307693 0.5048076923076923
10 0.6009615384615384 0.5048076923076923 0.6706730769230769 0.5048076923076923 0.6706730769230769 0.6346153846153846 0.6009615384615384 0.6346153846153846