2 0.19471153846153846 0.18509615384615385 0.28125 0.18509615384615385 0.28125 0.39903846153846156 0.19471153846153846 0.39903846153846156
1 0.3798076923076923 0.07451923076923077 0.4326923076923077 0.07451923076923077 0.4326923076923077 0.21875 0.3798076923076923 0.21875
6 0.39903846153846156 0 0.4639423076923077 0 0.4639423076923077 0.13221153846153846 0.39903846153846156 0.13221153846153846
6 0.4519230769230769 0.34615384615384615 0.5264423076923077 0.34615384615384615 0.5264423076923077 0.5048076923076923 0.4519230769230769 0.5048076923076923
4 0.2956730769230769 0.27403846153846156 0.3557692307692308 0.27403846153846156 0.3557692307692308 0.3918269230769231 0.2956730769230769 0.3918269230769231
4 0.24278846153846154 0.7115384615384616 0.30528846153846156 0.7115384615384616 0.30528846153846156 0.8365384615384616 0.24278846153846154 0.8365384615384616
4 0.4375 0.5961538461538461 0.5048076923076923 0.5961538461538461 0.5048076923076923 0.7235576923076923 0.4375 0.7235576923076923
4 0.375 0.46153846153846156 0.43509615384615385 0.46153846153846156 0.43509615384615385 0.5913461538461539 0.375 0.5913461538461539
4 0.5625 0.11057692307692307 0.6153846153846154 0.11057692307692307 0.6153846153846154 0.21875 0.5625 0.21875
4 0.4831730769230769 0.10817307692307693 0.5432692307692307 0.10817307692307693 0.5432692307692307 0.21634615384615385 0.4831730769230769 0.21634615384615385
3 0.375 0.24759615384615385 0.44471153846153844 0.24759615384615385 0.44471153846153844 0.4014423076923077 0.375 0.4014423076923077
3 0.5384615384615384 0.6826923076923077 0.6129807692307693 0.6826923076923077 0.6129807692307693 0.8485576923076923 0.5384615384615384 0.8485576923076923
11 0.6225961538461539 0.036057692307692304 0.6947115384615384 0.036057692307692304 0.6947115384615384 0.22115384615384615 0.6225961538461539 0.22115384615384615
9 0.7403846153846154 0.6923076923076923 0.8317307692307693 0.6923076923076923 0.8317307692307693 0.8557692307692307 0.7403846153846154 0.8557692307692307
12 0.7740384615384616 0.002403846153846154 0.8413461538461539 0.002403846153846154 0.8413461538461539 0.13221153846153846 0.7740384615384616 0.13221153846153846
7 0.6201923076923077 0.33413461538461536 0.6923076923076923 0.33413461538461536 0.6923076923076923 0.49278846153846156 0.6201923076923077 0.49278846153846156
7 0.7836538461538461 0.04807692307692308 0.8509615384615384 0.04807692307692308 0.8509615384615384 0.21153846153846154 0.7836538461538461 0.21153846153846154
8 0.8028846153846154 0.28365384615384615 0.9014423076923077 0.28365384615384615 0.9014423076923077 0.49278846153846156 0.8028846153846154 0.49278846153846156
10 0.5600961538461539 0.01201923076923077 0.6201923076923077 0.01201923076923077 0.6201923076923077 0.125 0.5600961538461539 0.125
10 0.7019230769230769 0.0889423076923077 0.7620192307692307 0.0889423076923077 0.7620192307692307 0.20673076923076922 0.7019230769230769 0.20673076923076922
10 0.7259615384615384 0.25961538461538464 0.7788461538461539 0.25961538461538464 0.7788461538461539 0.375 0.7259615384615384 0.375
10 0.7211538461538461 0.3605769230769231 0.7836538461538461 0.3605769230769231 0.7836538461538461 0.4807692307692308 0.7211538461538461 0.4807692307692308
10 0.625 0.4807692307692308 0.6923076923076923 0.4807692307692308 0.6923076923076923 0.6081730769230769 0.625 0.6081730769230769