6 0.3894230769230769 0.009615384615384616 0.44471153846153844 0.009615384615384616 0.44471153846153844 0.0985576923076923 0.3894230769230769 0.0985576923076923
6 0.09615384615384616 0.65625 0.1778846153846154 0.65625 0.1778846153846154 0.8125 0.09615384615384616 0.8125
2 0.15625 0.2403846153846154 0.2403846153846154 0.2403846153846154 0.2403846153846154 0.4567307692307692 0.15625 0.4567307692307692
5 0.36538461538461536 0.18028846153846154 0.43990384615384615 0.18028846153846154 0.43990384615384615 0.375 0.36538461538461536 0.375
4 0.2644230769230769 0.3293269230769231 0.3245192307692308 0.3293269230769231 0.3245192307692308 0.4495192307692308 0.2644230769230769 0.4495192307692308
4 0.2956730769230769 0.1466346153846154 0.3485576923076923 0.1466346153846154 0.3485576923076923 0.25721153846153844 0.2956730769230769 0.25721153846153844
4 0.31490384615384615 0.06009615384615385 0.3629807692307692 0.06009615384615385 0.3629807692307692 0.16346153846153846 0.31490384615384615 0.16346153846153846
4 0.46634615384615385 0.01201923076923077 0.5168269230769231 0.01201923076923077 0.5168269230769231 0.09134615384615384 0.46634615384615385 0.09134615384615384
4 0.34375 0.43990384615384615 0.39663461538461536 0.43990384615384615 0.39663461538461536 0.5576923076923077 0.34375 0.5576923076923077
4 0.46153846153846156 0.23317307692307693 0.5144230769230769 0.23317307692307693 0.5144230769230769 0.34375 0.46153846153846156 0.34375
3 0.3942307692307692 0.036057692307692304 0.4423076923076923 0.036057692307692304 0.4423076923076923 0.17307692307692307 0.3942307692307692 0.17307692307692307
3 0.5264423076923077 0.31009615384615385 0.6033653846153846 0.31009615384615385 0.6033653846153846 0.46153846153846156 0.5264423076923077 0.46153846153846156
7 0.5240384615384616 0.53125 0.5985576923076923 0.53125 0.5985576923076923 0.6826923076923077 0.5240384615384616 0.6826923076923077
8 0.8076923076923077 0.25240384615384615 0.8966346153846154 0.25240384615384615 0.8966346153846154 0.46875 0.8076923076923077 0.46875
11 0.6129807692307693 0.19230769230769232 0.6875 0.19230769230769232 0.6875 0.375 0.6129807692307693 0.375
9 0.6225961538461539 0.10336538461538461 0.6826923076923077 0.10336538461538461 0.6826923076923077 0.24759615384615385 0.6225961538461539 0.24759615384615385
9 0.8100961538461539 0.5288461538461539 0.9014423076923077 0.5288461538461539 0.9014423076923077 0.6947115384615384 0.8100961538461539 0.6947115384615384
12 0.71875 0.6850961538461539 0.7980769230769231 0.6850961538461539 0.7980769230769231 0.8341346153846154 0.71875 0.8341346153846154
12 0.7908653846153846 0.019230769230769232 0.8557692307692307 0.019230769230769232 0.8557692307692307 0.09375 0.7908653846153846 0.09375
10 0.7211538461538461 0.5625 0.7788461538461539 0.5625 0.7788461538461539 0.6826923076923077 0.7211538461538461 0.6826923076923077
10 0.7115384615384616 0.016826923076923076 0.7692307692307693 0.016826923076923076 0.7692307692307693 0.0889423076923077 0.7115384615384616 0.0889423076923077
10 0.7019230769230769 0.1466346153846154 0.7644230769230769 0.1466346153846154 0.7644230769230769 0.25961538461538464 0.7019230769230769 0.25961538461538464
10 0.5456730769230769 0.22596153846153846 0.6009615384615384 0.22596153846153846 0.6009615384615384 0.34134615384615385 0.5456730769230769 0.34134615384615385
10 0.5192307692307693 0.6850961538461539 0.5889423076923077 0.6850961538461539 0.5889423076923077 0.8149038461538461 0.5192307692307693 0.8149038461538461