1 0.25 0.5384615384615384 0.3125 0.5384615384615384 0.3125 0.6850961538461539 0.25 0.6850961538461539
6 0.38461538461538464 0.014423076923076924 0.43990384615384615 0.014423076923076924 0.43990384615384615 0.12740384615384615 0.38461538461538464 0.12740384615384615
6 0.11538461538461539 0.6634615384615384 0.18269230769230768 0.6634615384615384 0.18269230769230768 0.7980769230769231 0.11538461538461539 0.7980769230769231
2 0.16346153846153846 0.2692307692307692 0.24519230769230768 0.2692307692307692 0.24519230769230768 0.46634615384615385 0.16346153846153846 0.46634615384615385
5 0.36778846153846156 0.21153846153846154 0.42788461538461536 0.21153846153846154 0.42788461538461536 0.375 0.36778846153846156 0.375
1 0.43509615384615385 0.4326923076923077 0.49038461538461536 0.4326923076923077 0.49038461538461536 0.5697115384615384 0.43509615384615385 0.5697115384615384
4 0.2956730769230769 0.18269230769230768 0.34375 0.18269230769230768 0.34375 0.28125 0.2956730769230769 0.28125
4 0.31009615384615385 0.10336538461538461 0.35336538461538464 0.10336538461538461 0.35336538461538464 0.1971153846153846 0.31009615384615385 0.1971153846153846
4 0.27163461538461536 0.35096153846153844 0.31971153846153844 0.35096153846153844 0.31971153846153844 0.45913461538461536 0.27163461538461536 0.45913461538461536
4 0.25721153846153844 0.4567307692307692 0.31009615384615385 0.4567307692307692 0.31009615384615385 0.5600961538461539 0.25721153846153844 0.5600961538461539
4 0.31490384615384615 0.6899038461538461 0.3701923076923077 0.6899038461538461 0.3701923076923077 0.8052884615384616 0.31490384615384615 0.8052884615384616
4 0.34615384615384615 0.5673076923076923 0.4014423076923077 0.5673076923076923 0.4014423076923077 0.6706730769230769 0.34615384615384615 0.6706730769230769
4 0.4543269230769231 0.25721153846153844 0.5024038461538461 0.25721153846153844 0.5024038461538461 0.3557692307692308 0.4543269230769231 0.3557692307692308
4 0.4567307692307692 0.021634615384615384 0.5024038461538461 0.021634615384615384 0.5024038461538461 0.125 0.4567307692307692 0.125
3 0.38221153846153844 0.06971153846153846 0.4375 0.06971153846153846 0.4375 0.19951923076923078 0.38221153846153844 0.19951923076923078
3 0.5192307692307693 0.33413461538461536 0.5865384615384616 0.33413461538461536 0.5865384615384616 0.46875 0.5192307692307693 0.46875
11 0.7716346153846154 0.1971153846153846 0.84375 0.1971153846153846 0.84375 0.375 0.7716346153846154 0.375
8 0.7836538461538461 0.27403846153846156 0.8605769230769231 0.27403846153846156 0.8605769230769231 0.47115384615384615 0.7836538461538461 0.47115384615384615
12 0.7019230769230769 0.6754807692307693 0.7668269230769231 0.6754807692307693 0.7668269230769231 0.8149038461538461 0.7019230769230769 0.8149038461538461
12 0.7620192307692307 0.009615384615384616 0.8245192307692307 0.009615384615384616 0.8245192307692307 0.11538461538461539 0.7620192307692307 0.11538461538461539
7 0.6129807692307693 0.007211538461538462 0.6610576923076923 0.007211538461538462 0.6610576923076923 0.1201923076923077 0.6129807692307693 0.1201923076923077
7 0.8004807692307693 0.4254807692307692 0.8653846153846154 0.4254807692307692 0.8653846153846154 0.5649038461538461 0.8004807692307693 0.5649038461538461
9 0.6033653846153846 0.13701923076923078 0.6610576923076923 0.13701923076923078 0.6610576923076923 0.27403846153846156 0.6033653846153846 0.27403846153846156
9 0.7884615384615384 0.5408653846153846 0.8581730769230769 0.5408653846153846 0.8581730769230769 0.6850961538461539 0.7884615384615384 0.6850961538461539
10 0.5360576923076923 0.25721153846153844 0.5793269230769231 0.25721153846153844 0.5793269230769231 0.3605769230769231 0.5360576923076923 0.3605769230769231
10 0.5432692307692307 0.09134615384615384 0.59375 0.09134615384615384 0.59375 0.1971153846153846 0.5432692307692307 0.1971153846153846
10 0.6899038461538461 0.014423076923076924 0.7403846153846154 0.014423076923076924 0.7403846153846154 0.11538461538461539 0.6899038461538461 0.11538461538461539
10 0.6899038461538461 0.18028846153846154 0.7403846153846154 0.18028846153846154 0.7403846153846154 0.28125 0.6899038461538461 0.28125
10 0.6923076923076923 0.36538461538461536 0.7475961538461539 0.36538461538461536 0.7475961538461539 0.4639423076923077 0.6923076923076923 0.4639423076923077
10 0.7019230769230769 0.46634615384615385 0.75 0.46634615384615385 0.75 0.5697115384615384 0.7019230769230769 0.5697115384615384
10 0.6971153846153846 0.5673076923076923 0.7524038461538461 0.5673076923076923 0.7524038461538461 0.6778846153846154 0.6971153846153846 0.6778846153846154
10 0.5096153846153846 0.6850961538461539 0.5673076923076923 0.6850961538461539 0.5673076923076923 0.8004807692307693 0.5096153846153846 0.8004807692307693