5 0.44711538461538464 0.30528846153846156 0.5240384615384616 0.30528846153846156 0.5240384615384616 0.49278846153846156 0.44711538461538464 0.49278846153846156
2 0.17548076923076922 0.16826923076923078 0.2644230769230769 0.16826923076923078 0.2644230769230769 0.3894230769230769 0.17548076923076922 0.3894230769230769
6 0.1658653846153846 0.35336538461538464 0.24278846153846154 0.35336538461538464 0.24278846153846154 0.49759615384615385 0.1658653846153846 0.49759615384615385
4 0.22596153846153846 0.7259615384615384 0.2980769230769231 0.7259615384615384 0.2980769230769231 0.8533653846153846 0.22596153846153846 0.8533653846153846
4 0.2860576923076923 0.2644230769230769 0.34134615384615385 0.2644230769230769 0.34134615384615385 0.38221153846153844 0.2860576923076923 0.38221153846153844
4 0.46153846153846156 0.16826923076923078 0.5168269230769231 0.16826923076923078 0.5168269230769231 0.2956730769230769 0.46153846153846156 0.2956730769230769
4 0.4375 0.5889423076923077 0.5024038461538461 0.5889423076923077 0.5024038461538461 0.7211538461538461 0.4375 0.7211538461538461
4 0.36778846153846156 0.4639423076923077 0.4326923076923077 0.4639423076923077 0.4326923076923077 0.5865384615384616 0.36778846153846156 0.5865384615384616
4 0.4831730769230769 0.07451923076923077 0.5408653846153846 0.07451923076923077 0.5408653846153846 0.19471153846153846 0.4831730769230769 0.19471153846153846
6 0.3942307692307692 0 0.4567307692307692 0 0.4567307692307692 0.11298076923076923 0.3942307692307692 0.11298076923076923
1 0.36778846153846156 0.04567307692307692 0.42788461538461536 0.04567307692307692 0.42788461538461536 0.20432692307692307 0.36778846153846156 0.20432692307692307
1 0.6225961538461539 0.4375 0.7091346153846154 0.4375 0.7091346153846154 0.59375 0.6225961538461539 0.59375
9 0.6274038461538461 0.21634615384615385 0.6947115384615384 0.21634615384615385 0.6947115384615384 0.3581730769230769 0.6274038461538461 0.3581730769230769
9 0.7451923076923077 0.6947115384615384 0.8365384615384616 0.6947115384615384 0.8365384615384616 0.8581730769230769 0.7451923076923077 0.8581730769230769
12 0.78125 0 0.8485576923076923 0 0.8485576923076923 0.10817307692307693 0.78125 0.10817307692307693
11 0.625 0.016826923076923076 0.7019230769230769 0.016826923076923076 0.7019230769230769 0.19951923076923078 0.625 0.19951923076923078
8 0.8100961538461539 0.25721153846153844 0.9110576923076923 0.25721153846153844 0.9110576923076923 0.4831730769230769 0.8100961538461539 0.4831730769230769
7 0.7956730769230769 0.026442307692307692 0.8653846153846154 0.026442307692307692 0.8653846153846154 0.18028846153846154 0.7956730769230769 0.18028846153846154
7 0.6201923076923077 0.3245192307692308 0.6923076923076923 0.3245192307692308 0.6923076923076923 0.47836538461538464 0.6201923076923077 0.47836538461538464
10 0.5625 0 0.6177884615384616 0 0.6177884615384616 0.10096153846153846 0.5625 0.10096153846153846
10 0.5600961538461539 0.14903846153846154 0.6201923076923077 0.14903846153846154 0.6201923076923077 0.2692307692307692 0.5600961538461539 0.2692307692307692
10 0.7115384615384616 0.0625 0.7692307692307693 0.0625 0.7692307692307693 0.18028846153846154 0.7115384615384616 0.18028846153846154
10 0.7259615384615384 0.23798076923076922 0.7860576923076923 0.23798076923076922 0.7860576923076923 0.3629807692307692 0.7259615384615384 0.3629807692307692
10 0.7259615384615384 0.34615384615384615 0.7932692307692307 0.34615384615384615 0.7932692307692307 0.46634615384615385 0.7259615384615384 0.46634615384615385
10 0.7427884615384616 0.5793269230769231 0.8149038461538461 0.5793269230769231 0.8149038461538461 0.7067307692307693 0.7427884615384616 0.7067307692307693