5 0.35096153846153844 0.20432692307692307 0.43028846153846156 0.20432692307692307 0.43028846153846156 0.3894230769230769 0.35096153846153844 0.3894230769230769
3 0.5144230769230769 0.33413461538461536 0.5889423076923077 0.33413461538461536 0.5889423076923077 0.4807692307692308 0.5144230769230769 0.4807692307692308
7 0.5216346153846154 0.5360576923076923 0.5961538461538461 0.5360576923076923 0.5961538461538461 0.6899038461538461 0.5216346153846154 0.6899038461538461
11 0.5985576923076923 0.2091346153846154 0.6706730769230769 0.2091346153846154 0.6706730769230769 0.3870192307692308 0.5985576923076923 0.3870192307692308
9 0.8004807692307693 0.5264423076923077 0.8774038461538461 0.5264423076923077 0.8774038461538461 0.6947115384615384 0.8004807692307693 0.6947115384615384
8 0.6923076923076923 0.27884615384615385 0.7740384615384616 0.27884615384615385 0.7740384615384616 0.4807692307692308 0.6923076923076923 0.4807692307692308
12 0.7596153846153846 0.004807692307692308 0.8245192307692307 0.004807692307692308 0.8245192307692307 0.11778846153846154 0.7596153846153846 0.11778846153846154
12 0.7067307692307693 0.6875 0.7932692307692307 0.6875 0.7932692307692307 0.8317307692307693 0.7067307692307693 0.8317307692307693
10 0.7091346153846154 0.5721153846153846 0.7764423076923077 0.5721153846153846 0.7764423076923077 0.6826923076923077 0.7091346153846154 0.6826923076923077
10 0.6826923076923077 0.16826923076923078 0.7427884615384616 0.16826923076923078 0.7427884615384616 0.2764423076923077 0.6826923076923077 0.2764423076923077
10 0.6802884615384616 0.009615384615384616 0.7403846153846154 0.009615384615384616 0.7403846153846154 0.11538461538461539 0.6802884615384616 0.11538461538461539
10 0.53125 0.25961538461538464 0.5793269230769231 0.25961538461538464 0.5793269230769231 0.3629807692307692 0.53125 0.3629807692307692
10 0.5192307692307693 0.6923076923076923 0.5865384615384616 0.6923076923076923 0.5865384615384616 0.8125 0.5192307692307693 0.8125
4 0.44471153846153844 0.016826923076923076 0.5 0.016826923076923076 0.5 0.1201923076923077 0.44471153846153844 0.1201923076923077
4 0.28125 0.18028846153846154 0.3389423076923077 0.18028846153846154 0.3389423076923077 0.2932692307692308 0.28125 0.2932692307692308
4 0.2980769230769231 0.09375 0.35336538461538464 0.09375 0.35336538461538464 0.19951923076923078 0.2980769230769231 0.19951923076923078
4 0.44711538461538464 0.2548076923076923 0.5048076923076923 0.2548076923076923 0.5048076923076923 0.3629807692307692 0.44711538461538464 0.3629807692307692
4 0.34134615384615385 0.4567307692307692 0.4014423076923077 0.4567307692307692 0.4014423076923077 0.5769230769230769 0.34134615384615385 0.5769230769230769
4 0.2644230769230769 0.3557692307692308 0.32211538461538464 0.3557692307692308 0.32211538461538464 0.4735576923076923 0.2644230769230769 0.4735576923076923
2 0.15625 0.2692307692307692 0.2403846153846154 0.2692307692307692 0.2403846153846154 0.4807692307692308 0.15625 0.4807692307692308
6 0.11057692307692307 0.6754807692307693 0.1971153846153846 0.6754807692307693 0.1971153846153846 0.8221153846153846 0.11057692307692307 0.8221153846153846