5 0.3557692307692308 0.19951923076923078 0.4423076923076923 0.19951923076923078 0.4423076923076923 0.3870192307692308 0.3557692307692308 0.3870192307692308
3 0.5192307692307693 0.33413461538461536 0.5985576923076923 0.33413461538461536 0.5985576923076923 0.4807692307692308 0.5192307692307693 0.4807692307692308
7 0.5192307692307693 0.5384615384615384 0.5961538461538461 0.5384615384615384 0.5961538461538461 0.6947115384615384 0.5192307692307693 0.6947115384615384
11 0.6105769230769231 0.20432692307692307 0.6850961538461539 0.20432692307692307 0.6850961538461539 0.3870192307692308 0.6105769230769231 0.3870192307692308
9 0.8004807692307693 0.5288461538461539 0.8822115384615384 0.5288461538461539 0.8822115384615384 0.6995192307692307 0.8004807692307693 0.6995192307692307
8 0.6995192307692307 0.2764423076923077 0.7884615384615384 0.2764423076923077 0.7884615384615384 0.4807692307692308 0.6995192307692307 0.4807692307692308
12 0.78125 0.009615384615384616 0.8509615384615384 0.009615384615384616 0.8509615384615384 0.11538461538461539 0.78125 0.11538461538461539
12 0.7019230769230769 0.6923076923076923 0.7908653846153846 0.6923076923076923 0.7908653846153846 0.8389423076923077 0.7019230769230769 0.8389423076923077
10 0.7091346153846154 0.5745192307692307 0.7788461538461539 0.5745192307692307 0.7788461538461539 0.6875 0.7091346153846154 0.6875
10 0.6995192307692307 0.1658653846153846 0.7596153846153846 0.1658653846153846 0.7596153846153846 0.27403846153846156 0.6995192307692307 0.27403846153846156
10 0.7043269230769231 0.009615384615384616 0.7668269230769231 0.009615384615384616 0.7668269230769231 0.11057692307692307 0.7043269230769231 0.11057692307692307
10 0.5432692307692307 0.2548076923076923 0.59375 0.2548076923076923 0.59375 0.3605769230769231 0.5432692307692307 0.3605769230769231
10 0.5096153846153846 0.6971153846153846 0.5793269230769231 0.6971153846153846 0.5793269230769231 0.8197115384615384 0.5096153846153846 0.8197115384615384
4 0.46153846153846156 0.009615384615384616 0.5216346153846154 0.009615384615384616 0.5216346153846154 0.11538461538461539 0.46153846153846156 0.11538461538461539
4 0.29086538461538464 0.17307692307692307 0.35096153846153844 0.17307692307692307 0.35096153846153844 0.28846153846153844 0.29086538461538464 0.28846153846153844
4 0.3125 0.08653846153846154 0.3701923076923077 0.08653846153846154 0.3701923076923077 0.19471153846153846 0.3125 0.19471153846153846
4 0.4567307692307692 0.25 0.5168269230769231 0.25 0.5168269230769231 0.3605769230769231 0.4567307692307692 0.3605769230769231
4 0.3389423076923077 0.4543269230769231 0.40384615384615385 0.4543269230769231 0.40384615384615385 0.5793269230769231 0.3389423076923077 0.5793269230769231
4 0.2668269230769231 0.35096153846153844 0.3245192307692308 0.35096153846153844 0.3245192307692308 0.47115384615384615 0.2668269230769231 0.47115384615384615
2 0.15625 0.2644230769230769 0.24519230769230768 0.2644230769230769 0.24519230769230768 0.47836538461538464 0.15625 0.47836538461538464
6 0.09615384615384616 0.6778846153846154 0.18509615384615385 0.6778846153846154 0.18509615384615385 0.8269230769230769 0.09615384615384616 0.8269230769230769