11 0.15625 0.18028846153846154 0.23076923076923078 0.18028846153846154 0.23076923076923078 0.3557692307692308 0.15625 0.3557692307692308
8 0.13942307692307693 0.25961538461538464 0.21634615384615385 0.25961538461538464 0.21634615384615385 0.4567307692307692 0.13942307692307693 0.4567307692307692
9 0.34134615384615385 0.11298076923076923 0.40384615384615385 0.11298076923076923 0.40384615384615385 0.2548076923076923 0.34134615384615385 0.2548076923076923
9 0.14423076923076922 0.5264423076923077 0.21634615384615385 0.5264423076923077 0.21634615384615385 0.6730769230769231 0.14423076923076922 0.6730769230769231
12 0.2403846153846154 0.6730769230769231 0.31009615384615385 0.6730769230769231 0.31009615384615385 0.8100961538461539 0.2403846153846154 0.8100961538461539
12 0.1778846153846154 0 0.23798076923076922 0 0.23798076923076922 0.09615384615384616 0.1778846153846154 0.09615384615384616
7 0.13701923076923078 0.41346153846153844 0.20192307692307693 0.41346153846153844 0.20192307692307693 0.5552884615384616 0.13701923076923078 0.5552884615384616
7 0.3389423076923077 0 0.3942307692307692 0 0.3942307692307692 0.09134615384615384 0.3389423076923077 0.09134615384615384
10 0.42788461538461536 0.23798076923076922 0.47115384615384615 0.23798076923076922 0.47115384615384615 0.33413461538461536 0.42788461538461536 0.33413461538461536
10 0.4182692307692308 0.07932692307692307 0.45913461538461536 0.07932692307692307 0.45913461538461536 0.17548076923076922 0.4182692307692308 0.17548076923076922
10 0.2644230769230769 0 0.3125 0 0.3125 0.09615384615384616 0.2644230769230769 0.09615384615384616
10 0.2644230769230769 0.16105769230769232 0.31009615384615385 0.16105769230769232 0.31009615384615385 0.2620192307692308 0.2644230769230769 0.2620192307692308
10 0.25961538461538464 0.35336538461538464 0.31490384615384615 0.35336538461538464 0.31490384615384615 0.4543269230769231 0.25961538461538464 0.4543269230769231
10 0.2548076923076923 0.4543269230769231 0.30528846153846156 0.4543269230769231 0.30528846153846156 0.5625 0.2548076923076923 0.5625
10 0.2548076923076923 0.5576923076923077 0.31009615384615385 0.5576923076923077 0.31009615384615385 0.6706730769230769 0.2548076923076923 0.6706730769230769
10 0.44471153846153844 0.6778846153846154 0.5024038461538461 0.6778846153846154 0.5024038461538461 0.7884615384615384 0.44471153846153844 0.7884615384615384
3 0.5769230769230769 0.04567307692307692 0.6274038461538461 0.04567307692307692 0.6274038461538461 0.18269230769230768 0.5769230769230769 0.18269230769230768
3 0.4254807692307692 0.3125 0.49038461538461536 0.3125 0.49038461538461536 0.4567307692307692 0.4254807692307692 0.4567307692307692
5 0.7740384615384616 0.1971153846153846 0.84375 0.1971153846153846 0.84375 0.3485576923076923 0.7740384615384616 0.3485576923076923
2 0.7740384615384616 0.25961538461538464 0.8533653846153846 0.25961538461538464 0.8533653846153846 0.4495192307692308 0.7740384615384616 0.4495192307692308
6 0.5721153846153846 0 0.6225961538461539 0 0.6225961538461539 0.10336538461538461 0.5721153846153846 0.10336538461538461
6 0.8389423076923077 0.6634615384615384 0.9158653846153846 0.6634615384615384 0.9158653846153846 0.7980769230769231 0.8389423076923077 0.7980769230769231
1 0.7475961538461539 0.125 0.7932692307692307 0.125 0.7932692307692307 0.2620192307692308 0.7475961538461539 0.2620192307692308
1 0.7067307692307693 0.5360576923076923 0.7716346153846154 0.5360576923076923 0.7716346153846154 0.6802884615384616 0.7067307692307693 0.6802884615384616
4 0.7043269230769231 0.4519230769230769 0.7620192307692307 0.4519230769230769 0.7620192307692307 0.5504807692307693 0.7043269230769231 0.5504807692307693
4 0.6923076923076923 0.3389423076923077 0.7475961538461539 0.3389423076923077 0.7475961538461539 0.44711538461538464 0.6923076923076923 0.44711538461538464
4 0.6153846153846154 0.5600961538461539 0.6730769230769231 0.5600961538461539 0.6730769230769231 0.6682692307692307 0.6153846153846154 0.6682692307692307
4 0.6442307692307693 0.6850961538461539 0.7019230769230769 0.6850961538461539 0.7019230769230769 0.7932692307692307 0.6442307692307693 0.7932692307692307
4 0.6658653846153846 0.1658653846153846 0.7163461538461539 0.1658653846153846 0.7163461538461539 0.2644230769230769 0.6658653846153846 0.2644230769230769
4 0.65625 0.07932692307692307 0.6995192307692307 0.07932692307692307 0.6995192307692307 0.18028846153846154 0.65625 0.18028846153846154
4 0.5072115384615384 0 0.5504807692307693 0 0.5504807692307693 0.0985576923076923 0.5072115384615384 0.0985576923076923
4 0.5096153846153846 0.23798076923076922 0.5528846153846154 0.23798076923076922 0.5528846153846154 0.34375 0.5096153846153846 0.34375