2 0.7403846153846154 0.4855769230769231 0.8221153846153846 0.4855769230769231 0.8221153846153846 0.7019230769230769 0.7403846153846154 0.7019230769230769
6 0.8798076923076923 0.6682692307692307 0.9567307692307693 0.6682692307692307 0.9567307692307693 0.8197115384615384 0.8798076923076923 0.8197115384615384
12 0.6586538461538461 0.6706730769230769 0.7355769230769231 0.6706730769230769 0.7355769230769231 0.8197115384615384 0.6586538461538461 0.8197115384615384
4 0.6995192307692307 0.125 0.7548076923076923 0.125 0.7548076923076923 0.23798076923076922 0.6995192307692307 0.23798076923076922
4 0.6442307692307693 0.4423076923076923 0.7019230769230769 0.4423076923076923 0.7019230769230769 0.5528846153846154 0.6442307692307693 0.5528846153846154
5 0.6033653846153846 0.16346153846153846 0.6730769230769231 0.16346153846153846 0.6730769230769231 0.35336538461538464 0.6033653846153846 0.35336538461538464
3 0.43509615384615385 0.31009615384615385 0.5024038461538461 0.31009615384615385 0.5024038461538461 0.4639423076923077 0.43509615384615385 0.4639423076923077
4 0.5240384615384616 0.22355769230769232 0.5721153846153846 0.22355769230769232 0.5721153846153846 0.33413461538461536 0.5240384615384616 0.33413461538461536
11 0.34134615384615385 0.18509615384615385 0.41586538461538464 0.18509615384615385 0.41586538461538464 0.3701923076923077 0.34134615384615385 0.3701923076923077
8 0.23798076923076922 0.2668269230769231 0.3125 0.2668269230769231 0.3125 0.4831730769230769 0.23798076923076922 0.4831730769230769
12 0.14903846153846154 0.12740384615384615 0.21634615384615385 0.12740384615384615 0.21634615384615385 0.2644230769230769 0.14903846153846154 0.2644230769230769
10 0.43509615384615385 0.2283653846153846 0.4855769230769231 0.2283653846153846 0.4855769230769231 0.3389423076923077 0.43509615384615385 0.3389423076923077
10 0.35096153846153844 0.055288461538461536 0.40625 0.055288461538461536 0.40625 0.17307692307692307 0.35096153846153844 0.17307692307692307
10 0.2620192307692308 0 0.3125 0 0.3125 0.07451923076923077 0.2620192307692308 0.07451923076923077
10 0.24278846153846154 0.5841346153846154 0.30288461538461536 0.5841346153846154 0.30288461538461536 0.7139423076923077 0.24278846153846154 0.7139423076923077