2 0.2283653846153846 0.5456730769230769 0.30528846153846156 0.5456730769230769 0.30528846153846156 0.7475961538461539 0.2283653846153846 0.7475961538461539
6 0.10336538461538461 0.71875 0.17307692307692307 0.71875 0.17307692307692307 0.8581730769230769 0.10336538461538461 0.8581730769230769
12 0.31009615384615385 0.7163461538461539 0.38221153846153844 0.7163461538461539 0.38221153846153844 0.8581730769230769 0.31009615384615385 0.8581730769230769
4 0.2932692307692308 0.2091346153846154 0.34375 0.2091346153846154 0.34375 0.31490384615384615 0.2932692307692308 0.31490384615384615
4 0.34375 0.5048076923076923 0.39663461538461536 0.5048076923076923 0.39663461538461536 0.6081730769230769 0.34375 0.6081730769230769
5 0.36778846153846156 0.24519230769230768 0.4326923076923077 0.24519230769230768 0.4326923076923077 0.4230769230769231 0.36778846153846156 0.4230769230769231
3 0.5264423076923077 0.3798076923076923 0.5913461538461539 0.3798076923076923 0.5913461538461539 0.5240384615384616 0.5264423076923077 0.5240384615384616
4 0.4639423076923077 0.3004807692307692 0.5096153846153846 0.3004807692307692 0.5096153846153846 0.40384615384615385 0.4639423076923077 0.40384615384615385
11 0.6081730769230769 0.2644230769230769 0.6778846153846154 0.2644230769230769 0.6778846153846154 0.4375 0.6081730769230769 0.4375
8 0.7043269230769231 0.34134615384615385 0.7740384615384616 0.34134615384615385 0.7740384615384616 0.5432692307692307 0.7043269230769231 0.5432692307692307
12 0.7956730769230769 0.2091346153846154 0.8581730769230769 0.2091346153846154 0.8581730769230769 0.3389423076923077 0.7956730769230769 0.3389423076923077
10 0.5432692307692307 0.30528846153846156 0.5889423076923077 0.30528846153846156 0.5889423076923077 0.40865384615384615 0.5432692307692307 0.40865384615384615
10 0.6177884615384616 0.14182692307692307 0.6706730769230769 0.14182692307692307 0.6706730769230769 0.25240384615384615 0.6177884615384616 0.25240384615384615
10 0.7067307692307693 0.055288461538461536 0.7524038461538461 0.055288461538461536 0.7524038461538461 0.16105769230769232 0.7067307692307693 0.16105769230769232
10 0.7139423076923077 0.6370192307692307 0.7716346153846154 0.6370192307692307 0.7716346153846154 0.7596153846153846 0.7139423076923077 0.7596153846153846