2 0.23317307692307693 0.5456730769230769 0.31009615384615385 0.5456730769230769 0.31009615384615385 0.7475961538461539 0.23317307692307693 0.7475961538461539
6 0.10576923076923077 0.71875 0.1778846153846154 0.71875 0.1778846153846154 0.8581730769230769 0.10576923076923077 0.8581730769230769
12 0.3125 0.7163461538461539 0.38461538461538464 0.7163461538461539 0.38461538461538464 0.8557692307692307 0.3125 0.8557692307692307
4 0.2980769230769231 0.20673076923076922 0.35096153846153844 0.20673076923076922 0.35096153846153844 0.31009615384615385 0.2980769230769231 0.31009615384615385
4 0.34615384615384615 0.5024038461538461 0.4014423076923077 0.5024038461538461 0.4014423076923077 0.6057692307692307 0.34615384615384615 0.6057692307692307
5 0.37259615384615385 0.24278846153846154 0.43990384615384615 0.24278846153846154 0.43990384615384615 0.4182692307692308 0.37259615384615385 0.4182692307692308
3 0.53125 0.37740384615384615 0.5961538461538461 0.37740384615384615 0.5961538461538461 0.5192307692307693 0.53125 0.5192307692307693
4 0.46875 0.2956730769230769 0.5144230769230769 0.2956730769230769 0.5144230769230769 0.39903846153846156 0.46875 0.39903846153846156
11 0.6153846153846154 0.25961538461538464 0.6850961538461539 0.25961538461538464 0.6850961538461539 0.4326923076923077 0.6153846153846154 0.4326923076923077
8 0.7091346153846154 0.33653846153846156 0.7788461538461539 0.33653846153846156 0.7788461538461539 0.5360576923076923 0.7091346153846154 0.5360576923076923
12 0.8004807692307693 0.20192307692307693 0.8653846153846154 0.20192307692307693 0.8653846153846154 0.3317307692307692 0.8004807692307693 0.3317307692307692
10 0.5504807692307693 0.3004807692307692 0.5961538461538461 0.3004807692307692 0.5961538461538461 0.40384615384615385 0.5504807692307693 0.40384615384615385
10 0.625 0.13701923076923078 0.6754807692307693 0.13701923076923078 0.6754807692307693 0.24759615384615385 0.625 0.24759615384615385
10 0.7115384615384616 0.04807692307692308 0.7596153846153846 0.04807692307692308 0.7596153846153846 0.15384615384615385 0.7115384615384616 0.15384615384615385
10 0.7163461538461539 0.6298076923076923 0.7764423076923077 0.6298076923076923 0.7764423076923077 0.7524038461538461 0.7163461538461539 0.7524038461538461