5 0.16346153846153846 0.21634615384615385 0.23557692307692307 0.21634615384615385 0.23557692307692307 0.37740384615384615 0.16346153846153846 0.37740384615384615
2 0.1466346153846154 0.2764423076923077 0.2283653846153846 0.2764423076923077 0.2283653846153846 0.46153846153846156 0.1466346153846154 0.46153846153846156
1 0.2091346153846154 0.14423076923076922 0.25721153846153844 0.14423076923076922 0.25721153846153844 0.27403846153846156 0.2091346153846154 0.27403846153846156
1 0.1346153846153846 0.4326923076923077 0.20432692307692307 0.4326923076923077 0.20432692307692307 0.5673076923076923 0.1346153846153846 0.5673076923076923
3 0.21394230769230768 0.0673076923076923 0.27403846153846156 0.0673076923076923 0.27403846153846156 0.19230769230769232 0.21394230769230768 0.19230769230769232
3 0.10336538461538461 0.5552884615384616 0.18509615384615385 0.5552884615384616 0.18509615384615385 0.6826923076923077 0.10336538461538461 0.6826923076923077
6 0.22115384615384615 0.007211538461538462 0.27403846153846156 0.007211538461538462 0.27403846153846156 0.11778846153846154 0.22115384615384615 0.11778846153846154
6 0.0889423076923077 0.6802884615384616 0.16346153846153846 0.6802884615384616 0.16346153846153846 0.8100961538461539 0.0889423076923077 0.8100961538461539
4 0.3076923076923077 0.009615384615384616 0.35096153846153844 0.009615384615384616 0.35096153846153844 0.10817307692307693 0.3076923076923077 0.10817307692307693
4 0.3004807692307692 0.09375 0.34615384615384615 0.09375 0.34615384615384615 0.18990384615384615 0.3004807692307692 0.18990384615384615
4 0.2860576923076923 0.1778846153846154 0.3293269230769231 0.1778846153846154 0.3293269230769231 0.27403846153846156 0.2860576923076923 0.27403846153846156
4 0.27403846153846156 0.25961538461538464 0.31971153846153844 0.25961538461538464 0.31971153846153844 0.3605769230769231 0.27403846153846156 0.3605769230769231
4 0.25721153846153844 0.35336538461538464 0.30528846153846156 0.35336538461538464 0.30528846153846156 0.4543269230769231 0.25721153846153844 0.4543269230769231
4 0.2403846153846154 0.46153846153846156 0.29086538461538464 0.46153846153846156 0.29086538461538464 0.5625 0.2403846153846154 0.5625
4 0.22115384615384615 0.5697115384615384 0.27884615384615385 0.5697115384615384 0.27884615384615385 0.6754807692307693 0.22115384615384615 0.6754807692307693
4 0.20192307692307693 0.6850961538461539 0.25961538461538464 0.6850961538461539 0.25961538461538464 0.8004807692307693 0.20192307692307693 0.8004807692307693
11 0.7716346153846154 0.19471153846153846 0.8389423076923077 0.19471153846153846 0.8389423076923077 0.36538461538461536 0.7716346153846154 0.36538461538461536
8 0.78125 0.2692307692307692 0.8533653846153846 0.2692307692307692 0.8533653846153846 0.4639423076923077 0.78125 0.4639423076923077
7 0.7764423076923077 0.13221153846153846 0.8293269230769231 0.13221153846153846 0.8293269230769231 0.2692307692307692 0.7764423076923077 0.2692307692307692
7 0.7980769230769231 0.4254807692307692 0.8581730769230769 0.4254807692307692 0.8581730769230769 0.5600961538461539 0.7980769230769231 0.5600961538461539
9 0.7572115384615384 0.057692307692307696 0.8197115384615384 0.057692307692307696 0.8197115384615384 0.1875 0.7572115384615384 0.1875
9 0.78125 0.5384615384615384 0.8533653846153846 0.5384615384615384 0.8533653846153846 0.6802884615384616 0.78125 0.6802884615384616
12 0.7644230769230769 0 0.8149038461538461 0 0.8149038461538461 0.10096153846153846 0.7644230769230769 0.10096153846153846
12 0.8028846153846154 0.6875 0.875 0.6875 0.875 0.8245192307692307 0.8028846153846154 0.8245192307692307
10 0.6899038461538461 0.007211538461538462 0.7355769230769231 0.007211538461538462 0.7355769230769231 0.10336538461538461 0.6899038461538461 0.10336538461538461
10 0.6899038461538461 0.0889423076923077 0.7355769230769231 0.0889423076923077 0.7355769230769231 0.18269230769230768 0.6899038461538461 0.18269230769230768
10 0.6899038461538461 0.17307692307692307 0.7331730769230769 0.17307692307692307 0.7331730769230769 0.27163461538461536 0.6899038461538461 0.27163461538461536
10 0.6899038461538461 0.25961538461538464 0.7379807692307693 0.25961538461538464 0.7379807692307693 0.3581730769230769 0.6899038461538461 0.3581730769230769
10 0.6850961538461539 0.3605769230769231 0.7355769230769231 0.3605769230769231 0.7355769230769231 0.45913461538461536 0.6850961538461539 0.45913461538461536
10 0.6947115384615384 0.4639423076923077 0.7451923076923077 0.4639423076923077 0.7451923076923077 0.5697115384615384 0.6947115384615384 0.5697115384615384
10 0.6899038461538461 0.5697115384615384 0.7451923076923077 0.5697115384615384 0.7451923076923077 0.6754807692307693 0.6899038461538461 0.6754807692307693
10 0.6947115384615384 0.6947115384615384 0.7572115384615384 0.6947115384615384 0.7572115384615384 0.8028846153846154 0.6947115384615384 0.8028846153846154