11 0.6346153846153846 0.03365384615384615 0.7091346153846154 0.03365384615384615 0.7091346153846154 0.22355769230769232 0.6346153846153846 0.22355769230769232
8 0.8149038461538461 0.19471153846153846 0.8990384615384616 0.19471153846153846 0.8990384615384616 0.4110576923076923 0.8149038461538461 0.4110576923076923
9 0.5192307692307693 0.5649038461538461 0.5889423076923077 0.5649038461538461 0.5889423076923077 0.7379807692307693 0.5192307692307693 0.7379807692307693
6 0.71875 0.021634615384615384 0.7836538461538461 0.021634615384615384 0.7836538461538461 0.11778846153846154 0.71875 0.11778846153846154
12 0.5552884615384616 0.07211538461538461 0.6177884615384616 0.07211538461538461 0.6177884615384616 0.21394230769230768 0.5552884615384616 0.21394230769230768
7 0.5360576923076923 0.34615384615384615 0.5985576923076923 0.34615384615384615 0.5985576923076923 0.5096153846153846 0.5360576923076923 0.5096153846153846
10 0.71875 0.09615384615384616 0.7716346153846154 0.09615384615384616 0.7716346153846154 0.21634615384615385 0.71875 0.21634615384615385
10 0.7283653846153846 0.27403846153846156 0.7884615384615384 0.27403846153846156 0.7884615384615384 0.3942307692307692 0.7283653846153846 0.3942307692307692
10 0.6346153846153846 0.25961538461538464 0.6923076923076923 0.25961538461538464 0.6923076923076923 0.38461538461538464 0.6346153846153846 0.38461538461538464
10 0.6225961538461539 0.5 0.6850961538461539 0.5 0.6850961538461539 0.6298076923076923 0.6225961538461539 0.6298076923076923
3 0.7355769230769231 0.5697115384615384 0.8100961538461539 0.5697115384615384 0.8100961538461539 0.7427884615384616 0.7355769230769231 0.7427884615384616
1 0.47115384615384615 0.13942307692307693 0.5288461538461539 0.13942307692307693 0.5288461538461539 0.2956730769230769 0.47115384615384615 0.2956730769230769
2 0.17548076923076922 0.16826923076923078 0.2668269230769231 0.16826923076923078 0.2668269230769231 0.3918269230769231 0.17548076923076922 0.3918269230769231
4 0.28365384615384615 0.2692307692307692 0.34134615384615385 0.2692307692307692 0.34134615384615385 0.38461538461538464 0.28365384615384615 0.38461538461538464
4 0.3629807692307692 0.46634615384615385 0.4182692307692308 0.46634615384615385 0.4182692307692308 0.5961538461538461 0.3629807692307692 0.5961538461538461
4 0.42788461538461536 0.6033653846153846 0.49278846153846156 0.6033653846153846 0.49278846153846156 0.7307692307692307 0.42788461538461536 0.7307692307692307