11 0.30528846153846156 0.04807692307692308 0.37740384615384615 0.04807692307692308 0.37740384615384615 0.23317307692307693 0.30528846153846156 0.23317307692307693
8 0.11298076923076923 0.19951923076923078 0.1971153846153846 0.19951923076923078 0.1971153846153846 0.4110576923076923 0.11298076923076923 0.4110576923076923
9 0.40865384615384615 0.5721153846153846 0.47836538461538464 0.5721153846153846 0.47836538461538464 0.7403846153846154 0.40865384615384615 0.7403846153846154
6 0.23317307692307693 0.002403846153846154 0.2980769230769231 0.002403846153846154 0.2980769230769231 0.12740384615384615 0.23317307692307693 0.12740384615384615
12 0.3942307692307692 0.08653846153846154 0.4543269230769231 0.08653846153846154 0.4543269230769231 0.22355769230769232 0.3942307692307692 0.22355769230769232
7 0.40625 0.3557692307692308 0.46634615384615385 0.3557692307692308 0.46634615384615385 0.5144230769230769 0.40625 0.5144230769230769
10 0.24278846153846154 0.10817307692307693 0.2932692307692308 0.10817307692307693 0.2932692307692308 0.22115384615384615 0.24278846153846154 0.22115384615384615
10 0.22355769230769232 0.28125 0.28125 0.28125 0.28125 0.39663461538461536 0.22355769230769232 0.39663461538461536
10 0.3173076923076923 0.2692307692307692 0.37259615384615385 0.2692307692307692 0.37259615384615385 0.3894230769230769 0.3173076923076923 0.3894230769230769
10 0.3173076923076923 0.5048076923076923 0.3798076923076923 0.5048076923076923 0.3798076923076923 0.6298076923076923 0.3173076923076923 0.6298076923076923
3 0.19230769230769232 0.5721153846153846 0.2668269230769231 0.5721153846153846 0.2668269230769231 0.7379807692307693 0.19230769230769232 0.7379807692307693
1 0.47836538461538464 0.15384615384615385 0.5360576923076923 0.15384615384615385 0.5360576923076923 0.3076923076923077 0.47836538461538464 0.3076923076923077
2 0.7331730769230769 0.19230769230769232 0.8221153846153846 0.19230769230769232 0.8221153846153846 0.40625 0.7331730769230769 0.40625
4 0.6586538461538461 0.29086538461538464 0.7163461538461539 0.29086538461538464 0.7163461538461539 0.4014423076923077 0.6586538461538461 0.4014423076923077
4 0.5793269230769231 0.47836538461538464 0.6346153846153846 0.47836538461538464 0.6346153846153846 0.6033653846153846 0.5793269230769231 0.6033653846153846
4 0.5048076923076923 0.6129807692307693 0.5697115384615384 0.6129807692307693 0.5697115384615384 0.7355769230769231 0.5048076923076923 0.7355769230769231