2 0.7475961538461539 0.15625 0.8317307692307693 0.15625 0.8317307692307693 0.36778846153846156 0.7475961538461539 0.36778846153846156
6 0.5552884615384616 0 0.6177884615384616 0 0.6177884615384616 0.11538461538461539 0.5552884615384616 0.11538461538461539
1 0.49278846153846156 0.125 0.5504807692307693 0.125 0.5504807692307693 0.28125 0.49278846153846156 0.28125
4 0.40384615384615385 0.0889423076923077 0.4543269230769231 0.0889423076923077 0.4543269230769231 0.2091346153846154 0.40384615384615385 0.2091346153846154
4 0.6730769230769231 0.2548076923076923 0.7259615384615384 0.2548076923076923 0.7259615384615384 0.37259615384615385 0.6730769230769231 0.37259615384615385
4 0.59375 0.45913461538461536 0.6538461538461539 0.45913461538461536 0.6538461538461539 0.5817307692307693 0.59375 0.5817307692307693
4 0.5216346153846154 0.5865384615384616 0.5841346153846154 0.5865384615384616 0.5841346153846154 0.7139423076923077 0.5216346153846154 0.7139423076923077
3 0.40865384615384615 0.5600961538461539 0.47836538461538464 0.5600961538461539 0.47836538461538464 0.7211538461538461 0.40865384615384615 0.7211538461538461
3 0.20432692307692307 0.5456730769230769 0.28125 0.5456730769230769 0.28125 0.7091346153846154 0.20432692307692307 0.7091346153846154
11 0.32211538461538464 0.028846153846153848 0.38221153846153844 0.028846153846153848 0.38221153846153844 0.21153846153846154 0.32211538461538464 0.21153846153846154
12 0.1658653846153846 0 0.23317307692307693 0 0.23317307692307693 0.1346153846153846 0.1658653846153846 0.1346153846153846
8 0.13221153846153846 0.18028846153846154 0.20673076923076922 0.18028846153846154 0.20673076923076922 0.3918269230769231 0.13221153846153846 0.3918269230769231
9 0.1971153846153846 0.6995192307692307 0.27884615384615385 0.6995192307692307 0.27884615384615385 0.8677884615384616 0.1971153846153846 0.8677884615384616
7 0.4182692307692308 0.33413461538461536 0.4807692307692308 0.33413461538461536 0.4807692307692308 0.4879807692307692 0.4182692307692308 0.4879807692307692
10 0.3245192307692308 0.24519230769230768 0.38221153846153844 0.24519230769230768 0.38221153846153844 0.3701923076923077 0.3245192307692308 0.3701923076923077
10 0.25240384615384615 0.08413461538461539 0.30288461538461536 0.08413461538461539 0.30288461538461536 0.19951923076923078 0.25240384615384615 0.19951923076923078
10 0.2403846153846154 0.25721153846153844 0.28846153846153844 0.25721153846153844 0.28846153846153844 0.37740384615384615 0.2403846153846154 0.37740384615384615
10 0.3317307692307692 0.4831730769230769 0.3918269230769231 0.4831730769230769 0.3918269230769231 0.6081730769230769 0.3317307692307692 0.6081730769230769