3 0.25721153846153844 0.53125 0.33653846153846156 0.53125 0.33653846153846156 0.6802884615384616 0.25721153846153844 0.6802884615384616
6 0.12980769230769232 0.6586538461538461 0.2091346153846154 0.6586538461538461 0.2091346153846154 0.8004807692307693 0.12980769230769232 0.8004807692307693
2 0.17307692307692307 0.25 0.2548076923076923 0.25 0.2548076923076923 0.4567307692307692 0.17307692307692307 0.4567307692307692
5 0.375 0.18028846153846154 0.44471153846153844 0.18028846153846154 0.44471153846153844 0.36778846153846156 0.375 0.36778846153846156
6 0.3870192307692308 0 0.44471153846153844 0 0.44471153846153844 0.0985576923076923 0.3870192307692308 0.0985576923076923
9 0.3870192307692308 0.038461538461538464 0.44471153846153844 0.038461538461538464 0.44471153846153844 0.17307692307692307 0.3870192307692308 0.17307692307692307
9 0.5408653846153846 0.30288461538461536 0.6057692307692307 0.30288461538461536 0.6057692307692307 0.44471153846153844 0.5408653846153846 0.44471153846153844
4 0.45913461538461536 0 0.5120192307692307 0 0.5120192307692307 0.09615384615384616 0.45913461538461536 0.09615384615384616
4 0.3004807692307692 0.15625 0.35336538461538464 0.15625 0.35336538461538464 0.25961538461538464 0.3004807692307692 0.25961538461538464
4 0.31490384615384615 0.06971153846153846 0.36538461538461536 0.06971153846153846 0.36538461538461536 0.17067307692307693 0.31490384615384615 0.17067307692307693
4 0.27884615384615385 0.3317307692307692 0.33413461538461536 0.3317307692307692 0.33413461538461536 0.4423076923076923 0.27884615384615385 0.4423076923076923
4 0.27163461538461536 0.43509615384615385 0.3317307692307692 0.43509615384615385 0.3317307692307692 0.5504807692307693 0.27163461538461536 0.5504807692307693
4 0.3389423076923077 0.6754807692307693 0.40865384615384615 0.6754807692307693 0.40865384615384615 0.7908653846153846 0.3389423076923077 0.7908653846153846
4 0.46634615384615385 0.22115384615384615 0.5168269230769231 0.22115384615384615 0.5168269230769231 0.33413461538461536 0.46634615384615385 0.33413461538461536
8 0.8100961538461539 0.23798076923076922 0.8918269230769231 0.23798076923076922 0.8918269230769231 0.44471153846153844 0.8100961538461539 0.44471153846153844
12 0.7788461538461539 0 0.8389423076923077 0 0.8389423076923077 0.07692307692307693 0.7788461538461539 0.07692307692307693
12 0.7355769230769231 0.6586538461538461 0.8100961538461539 0.6586538461538461 0.8100961538461539 0.8028846153846154 0.7355769230769231 0.8028846153846154
7 0.8317307692307693 0.3942307692307692 0.9038461538461539 0.3942307692307692 0.9038461538461539 0.5408653846153846 0.8317307692307693 0.5408653846153846
11 0.7956730769230769 0.16105769230769232 0.8701923076923077 0.16105769230769232 0.8701923076923077 0.34134615384615385 0.7956730769230769 0.34134615384615385
9 0.6177884615384616 0.0985576923076923 0.6826923076923077 0.0985576923076923 0.6826923076923077 0.24278846153846154 0.6177884615384616 0.24278846153846154
9 0.8269230769230769 0.5096153846153846 0.9014423076923077 0.5096153846153846 0.9014423076923077 0.6634615384615384 0.8269230769230769 0.6634615384615384
10 0.5504807692307693 0.22596153846153846 0.6009615384615384 0.22596153846153846 0.6009615384615384 0.3317307692307692 0.5504807692307693 0.3317307692307692
10 0.7019230769230769 0 0.7548076923076923 0 0.7548076923076923 0.07692307692307693 0.7019230769230769 0.07692307692307693
10 0.7091346153846154 0.14182692307692307 0.7620192307692307 0.14182692307692307 0.7620192307692307 0.2548076923076923 0.7091346153846154 0.2548076923076923
10 0.71875 0.3389423076923077 0.7764423076923077 0.3389423076923077 0.7764423076923077 0.44711538461538464 0.71875 0.44711538461538464
10 0.7283653846153846 0.4423076923076923 0.7860576923076923 0.4423076923076923 0.7860576923076923 0.5504807692307693 0.7283653846153846 0.5504807692307693
10 0.7331730769230769 0.5432692307692307 0.7932692307692307 0.5432692307692307 0.7932692307692307 0.65625 0.7331730769230769 0.65625
10 0.5432692307692307 0.6658653846153846 0.6033653846153846 0.6658653846153846 0.6033653846153846 0.7860576923076923 0.5432692307692307 0.7860576923076923