3 0.23557692307692307 0.5552884615384616 0.3125 0.5552884615384616 0.3125 0.7019230769230769 0.23557692307692307 0.7019230769230769
6 0.10576923076923077 0.6706730769230769 0.18509615384615385 0.6706730769230769 0.18509615384615385 0.8125 0.10576923076923077 0.8125
2 0.16346153846153846 0.27403846153846156 0.24278846153846154 0.27403846153846156 0.24278846153846154 0.4807692307692308 0.16346153846153846 0.4807692307692308
5 0.3605769230769231 0.21634615384615385 0.42788461538461536 0.21634615384615385 0.42788461538461536 0.4014423076923077 0.3605769230769231 0.4014423076923077
6 0.38221153846153844 0.019230769230769232 0.43509615384615385 0.019230769230769232 0.43509615384615385 0.13701923076923078 0.38221153846153844 0.13701923076923078
9 0.37740384615384615 0.07932692307692307 0.43509615384615385 0.07932692307692307 0.43509615384615385 0.21394230769230768 0.37740384615384615 0.21394230769230768
9 0.5192307692307693 0.34615384615384615 0.5841346153846154 0.34615384615384615 0.5841346153846154 0.4855769230769231 0.5192307692307693 0.4855769230769231
4 0.4519230769230769 0.03125 0.5024038461538461 0.03125 0.5024038461538461 0.13701923076923078 0.4519230769230769 0.13701923076923078
4 0.29086538461538464 0.18990384615384615 0.34134615384615385 0.18990384615384615 0.34134615384615385 0.2932692307692308 0.29086538461538464 0.2932692307692308
4 0.3076923076923077 0.10817307692307693 0.3581730769230769 0.10817307692307693 0.3581730769230769 0.20673076923076922 0.3076923076923077 0.20673076923076922
4 0.2668269230769231 0.3605769230769231 0.3173076923076923 0.3605769230769231 0.3173076923076923 0.47115384615384615 0.2668269230769231 0.47115384615384615
4 0.25240384615384615 0.46153846153846156 0.31009615384615385 0.46153846153846156 0.31009615384615385 0.5721153846153846 0.25240384615384615 0.5721153846153846
4 0.31009615384615385 0.6971153846153846 0.37740384615384615 0.6971153846153846 0.37740384615384615 0.8125 0.31009615384615385 0.8125
4 0.4495192307692308 0.2620192307692308 0.5 0.2620192307692308 0.5 0.3701923076923077 0.4495192307692308 0.3701923076923077
8 0.78125 0.2956730769230769 0.8605769230769231 0.2956730769230769 0.8605769230769231 0.4951923076923077 0.78125 0.4951923076923077
12 0.7620192307692307 0.026442307692307692 0.8221153846153846 0.026442307692307692 0.8221153846153846 0.13701923076923078 0.7620192307692307 0.13701923076923078
12 0.6971153846153846 0.7019230769230769 0.7692307692307693 0.7019230769230769 0.7692307692307693 0.84375 0.6971153846153846 0.84375
7 0.8004807692307693 0.44471153846153844 0.8701923076923077 0.44471153846153844 0.8701923076923077 0.5889423076923077 0.8004807692307693 0.5889423076923077
11 0.7716346153846154 0.21875 0.84375 0.21875 0.84375 0.3942307692307692 0.7716346153846154 0.3942307692307692
9 0.6009615384615384 0.14903846153846154 0.6634615384615384 0.14903846153846154 0.6634615384615384 0.28846153846153844 0.6009615384615384 0.28846153846153844
9 0.7908653846153846 0.5576923076923077 0.8629807692307693 0.5576923076923077 0.8629807692307693 0.7091346153846154 0.7908653846153846 0.7091346153846154
10 0.5336538461538461 0.2692307692307692 0.5817307692307693 0.2692307692307692 0.5817307692307693 0.375 0.5336538461538461 0.375
10 0.6899038461538461 0.03365384615384615 0.7379807692307693 0.03365384615384615 0.7379807692307693 0.13221153846153846 0.6899038461538461 0.13221153846153846
10 0.6875 0.19471153846153846 0.7403846153846154 0.19471153846153846 0.7403846153846154 0.30528846153846156 0.6875 0.30528846153846156
10 0.6923076923076923 0.3870192307692308 0.7475961538461539 0.3870192307692308 0.7475961538461539 0.49278846153846156 0.6923076923076923 0.49278846153846156
10 0.6971153846153846 0.4879807692307692 0.7548076923076923 0.4879807692307692 0.7548076923076923 0.59375 0.6971153846153846 0.59375
10 0.6971153846153846 0.5889423076923077 0.7572115384615384 0.5889423076923077 0.7572115384615384 0.6995192307692307 0.6971153846153846 0.6995192307692307
10 0.5072115384615384 0.6971153846153846 0.5673076923076923 0.6971153846153846 0.5673076923076923 0.8149038461538461 0.5072115384615384 0.8149038461538461