6 0.8076923076923077 0.6466346153846154 0.8870192307692307 0.6466346153846154 0.8870192307692307 0.7884615384615384 0.8076923076923077 0.7884615384615384
2 0.7668269230769231 0.3605769230769231 0.8605769230769231 0.3605769230769231 0.8605769230769231 0.5721153846153846 0.7668269230769231 0.5721153846153846
5 0.5721153846153846 0.18269230769230768 0.6370192307692307 0.18269230769230768 0.6370192307692307 0.3629807692307692 0.5721153846153846 0.3629807692307692
9 0.47596153846153844 0.04567307692307692 0.5432692307692307 0.04567307692307692 0.5432692307692307 0.18269230769230768 0.47596153846153844 0.18269230769230768
4 0.5 0 0.5480769230769231 0 0.5480769230769231 0.09375 0.5 0.09375
4 0.6754807692307693 0.3269230769230769 0.7307692307692307 0.3269230769230769 0.7307692307692307 0.44711538461538464 0.6754807692307693 0.44711538461538464
4 0.6514423076923077 0.15144230769230768 0.7091346153846154 0.15144230769230768 0.7091346153846154 0.25961538461538464 0.6514423076923077 0.25961538461538464
4 0.4951923076923077 0.23076923076923078 0.5432692307692307 0.23076923076923078 0.5432692307692307 0.3389423076923077 0.4951923076923077 0.3389423076923077
4 0.6033653846153846 0.43028846153846156 0.6586538461538461 0.43028846153846156 0.6586538461538461 0.5456730769230769 0.6033653846153846 0.5456730769230769
3 0.4110576923076923 0.3076923076923077 0.4735576923076923 0.3076923076923077 0.4735576923076923 0.4495192307692308 0.4110576923076923 0.4495192307692308
9 0.11778846153846154 0.5192307692307693 0.19471153846153846 0.5192307692307693 0.19471153846153846 0.6706730769230769 0.11778846153846154 0.6706730769230769
11 0.3269230769230769 0.18990384615384615 0.3942307692307692 0.18990384615384615 0.3942307692307692 0.3629807692307692 0.3269230769230769 0.3629807692307692
8 0.2283653846153846 0.2548076923076923 0.3076923076923077 0.2548076923076923 0.3076923076923077 0.4567307692307692 0.2283653846153846 0.4567307692307692
10 0.23076923076923078 0.5528846153846154 0.29086538461538464 0.5528846153846154 0.29086538461538464 0.6682692307692307 0.23076923076923078 0.6682692307692307
12 0.21634615384615385 0.6706730769230769 0.28846153846153844 0.6706730769230769 0.28846153846153844 0.8125 0.21634615384615385 0.8125
12 0.17067307692307693 0 0.23557692307692307 0 0.23557692307692307 0.09615384615384616 0.17067307692307693 0.09615384615384616
10 0.25240384615384615 0 0.31009615384615385 0 0.31009615384615385 0.09615384615384616 0.25240384615384615 0.09615384615384616
10 0.4110576923076923 0.23317307692307693 0.46875 0.23317307692307693 0.46875 0.34134615384615385 0.4110576923076923 0.34134615384615385
10 0.2620192307692308 0.1466346153846154 0.31009615384615385 0.1466346153846154 0.31009615384615385 0.2644230769230769 0.2620192307692308 0.2644230769230769
7 0.40625 0.5144230769230769 0.4735576923076923 0.5144230769230769 0.4735576923076923 0.6658653846153846 0.40625 0.6658653846153846
10 0.4182692307692308 0.6682692307692307 0.47836538461538464 0.6682692307692307 0.47836538461538464 0.7908653846153846 0.4182692307692308 0.7908653846153846