6 0.8245192307692307 0.6610576923076923 0.9038461538461539 0.6610576923076923 0.9038461538461539 0.8052884615384616 0.8245192307692307 0.8052884615384616
2 0.7764423076923077 0.37259615384615385 0.875 0.37259615384615385 0.875 0.5865384615384616 0.7764423076923077 0.5865384615384616
5 0.5769230769230769 0.18990384615384615 0.6442307692307693 0.18990384615384615 0.6442307692307693 0.375 0.5769230769230769 0.375
9 0.47836538461538464 0.052884615384615384 0.5480769230769231 0.052884615384615384 0.5480769230769231 0.18990384615384615 0.47836538461538464 0.18990384615384615
4 0.5024038461538461 0 0.5528846153846154 0 0.5528846153846154 0.10096153846153846 0.5024038461538461 0.10096153846153846
4 0.6850961538461539 0.33653846153846156 0.7403846153846154 0.33653846153846156 0.7403846153846154 0.4567307692307692 0.6850961538461539 0.4567307692307692
4 0.6586538461538461 0.16105769230769232 0.71875 0.16105769230769232 0.71875 0.2668269230769231 0.6586538461538461 0.2668269230769231
4 0.5 0.2403846153846154 0.5528846153846154 0.2403846153846154 0.5528846153846154 0.35096153846153844 0.5 0.35096153846153844
4 0.6129807692307693 0.4423076923076923 0.6706730769230769 0.4423076923076923 0.6706730769230769 0.5600961538461539 0.6129807692307693 0.5600961538461539
3 0.41586538461538464 0.31971153846153844 0.4807692307692308 0.31971153846153844 0.4807692307692308 0.4639423076923077 0.41586538461538464 0.4639423076923077
9 0.1201923076923077 0.5336538461538461 0.20192307692307693 0.5336538461538461 0.20192307692307693 0.6875 0.1201923076923077 0.6875
11 0.3293269230769231 0.19951923076923078 0.39903846153846156 0.19951923076923078 0.39903846153846156 0.375 0.3293269230769231 0.375
8 0.2283653846153846 0.2644230769230769 0.31009615384615385 0.2644230769230769 0.31009615384615385 0.47115384615384615 0.2283653846153846 0.47115384615384615
10 0.23557692307692307 0.5673076923076923 0.2980769230769231 0.5673076923076923 0.2980769230769231 0.6850961538461539 0.23557692307692307 0.6850961538461539
12 0.22115384615384615 0.6875 0.2956730769230769 0.6875 0.2956730769230769 0.8317307692307693 0.22115384615384615 0.8317307692307693
12 0.16826923076923078 0 0.23317307692307693 0 0.23317307692307693 0.10096153846153846 0.16826923076923078 0.10096153846153846
10 0.25240384615384615 0 0.3125 0 0.3125 0.10336538461538461 0.25240384615384615 0.10336538461538461
10 0.41346153846153844 0.24278846153846154 0.4735576923076923 0.24278846153846154 0.4735576923076923 0.35336538461538464 0.41346153846153844 0.35336538461538464
10 0.2620192307692308 0.15625 0.3125 0.15625 0.3125 0.27403846153846156 0.2620192307692308 0.27403846153846156
7 0.41346153846153844 0.5264423076923077 0.4831730769230769 0.5264423076923077 0.4831730769230769 0.6826923076923077 0.41346153846153844 0.6826923076923077
10 0.42788461538461536 0.6850961538461539 0.49038461538461536 0.6850961538461539 0.49038461538461536 0.8076923076923077 0.42788461538461536 0.8076923076923077