6 0.7764423076923077 0.6514423076923077 0.8605769230769231 0.6514423076923077 0.8605769230769231 0.7956730769230769 0.7764423076923077 0.7956730769230769
2 0.7524038461538461 0.37259615384615385 0.8389423076923077 0.37259615384615385 0.8389423076923077 0.5793269230769231 0.7524038461538461 0.5793269230769231
4 0.4951923076923077 0.004807692307692308 0.5432692307692307 0.004807692307692308 0.5432692307692307 0.11298076923076923 0.4951923076923077 0.11298076923076923
3 0.3918269230769231 0.3173076923076923 0.4639423076923077 0.3173076923076923 0.4639423076923077 0.45913461538461536 0.3918269230769231 0.45913461538461536
8 0.21153846153846154 0.2668269230769231 0.2932692307692308 0.2668269230769231 0.2932692307692308 0.4735576923076923 0.21153846153846154 0.4735576923076923
11 0.3125 0.18990384615384615 0.3870192307692308 0.18990384615384615 0.3870192307692308 0.3798076923076923 0.3125 0.3798076923076923
5 0.5528846153846154 0.19230769230769232 0.625 0.19230769230769232 0.625 0.37259615384615385 0.5528846153846154 0.37259615384615385
4 0.6322115384615384 0.07692307692307693 0.6850961538461539 0.07692307692307693 0.6850961538461539 0.1875 0.6322115384615384 0.1875
4 0.6394230769230769 0.15865384615384615 0.6923076923076923 0.15865384615384615 0.6923076923076923 0.2692307692307692 0.6394230769230769 0.2692307692307692
4 0.6586538461538461 0.34134615384615385 0.7139423076923077 0.34134615384615385 0.7139423076923077 0.4495192307692308 0.6586538461538461 0.4495192307692308
4 0.5769230769230769 0.4375 0.6418269230769231 0.4375 0.6418269230769231 0.5576923076923077 0.5769230769230769 0.5576923076923077
4 0.47596153846153844 0.23076923076923078 0.5336538461538461 0.23076923076923078 0.5336538461538461 0.3485576923076923 0.47596153846153844 0.3485576923076923
9 0.46634615384615385 0.04807692307692308 0.5360576923076923 0.04807692307692308 0.5360576923076923 0.19951923076923078 0.46634615384615385 0.19951923076923078
9 0.10336538461538461 0.5240384615384616 0.18269230769230768 0.5240384615384616 0.18269230769230768 0.6778846153846154 0.10336538461538461 0.6778846153846154
12 0.1875 0.6706730769230769 0.2764423076923077 0.6706730769230769 0.2764423076923077 0.8197115384615384 0.1875 0.8197115384615384
12 0.16826923076923078 0 0.23317307692307693 0 0.23317307692307693 0.11057692307692307 0.16826923076923078 0.11057692307692307
7 0.38221153846153844 0.5216346153846154 0.4543269230769231 0.5216346153846154 0.4543269230769231 0.6706730769230769 0.38221153846153844 0.6706730769230769
10 0.39663461538461536 0.24519230769230768 0.4543269230769231 0.24519230769230768 0.4543269230769231 0.34615384615384615 0.39663461538461536 0.34615384615384615
10 0.25240384615384615 0 0.30528846153846156 0 0.30528846153846156 0.10096153846153846 0.25240384615384615 0.10096153846153846
10 0.24759615384615385 0.15384615384615385 0.30288461538461536 0.15384615384615385 0.30288461538461536 0.2692307692307692 0.24759615384615385 0.2692307692307692
10 0.20673076923076922 0.5552884615384616 0.27403846153846156 0.5552884615384616 0.27403846153846156 0.6730769230769231 0.20673076923076922 0.6730769230769231
10 0.3942307692307692 0.6778846153846154 0.45913461538461536 0.6778846153846154 0.45913461538461536 0.7932692307692307 0.3942307692307692 0.7932692307692307