2 0.18990384615384615 0.18990384615384615 0.2860576923076923 0.18990384615384615 0.2860576923076923 0.4014423076923077 0.18990384615384615 0.4014423076923077
3 0.3269230769230769 0.6875 0.4182692307692308 0.6875 0.4182692307692308 0.8533653846153846 0.3269230769230769 0.8533653846153846
6 0.3076923076923077 0.08413461538461539 0.37259615384615385 0.08413461538461539 0.37259615384615385 0.22596153846153846 0.3076923076923077 0.22596153846153846
4 0.27884615384615385 0.4807692307692308 0.34375 0.4807692307692308 0.34375 0.5985576923076923 0.27884615384615385 0.5985576923076923
4 0.46153846153846156 0.28365384615384615 0.5192307692307693 0.28365384615384615 0.5192307692307693 0.39903846153846156 0.46153846153846156 0.39903846153846156
1 0.44711538461538464 0.45913461538461536 0.5120192307692307 0.45913461538461536 0.5120192307692307 0.6105769230769231 0.44711538461538464 0.6105769230769231
1 0.6177884615384616 0.057692307692307696 0.6923076923076923 0.057692307692307696 0.6923076923076923 0.22115384615384615 0.6177884615384616 0.22115384615384615
8 0.7884615384615384 0.28125 0.8870192307692307 0.28125 0.8870192307692307 0.4951923076923077 0.7884615384615384 0.4951923076923077
10 0.6442307692307693 0.47596153846153844 0.7067307692307693 0.47596153846153844 0.7067307692307693 0.5985576923076923 0.6442307692307693 0.5985576923076923
9 0.7740384615384616 0.05048076923076923 0.8485576923076923 0.05048076923076923 0.8485576923076923 0.21875 0.7740384615384616 0.21875
7 0.4639423076923077 0 0.53125 0 0.53125 0.13221153846153846 0.4639423076923077 0.13221153846153846
7 0.8365384615384616 0.5576923076923077 0.9134615384615384 0.5576923076923077 0.9134615384615384 0.7139423076923077 0.8365384615384616 0.7139423076923077