6 0.84375 0.7475961538461539 0.9254807692307693 0.7475961538461539 0.9254807692307693 0.8990384615384616 0.84375 0.8990384615384616
2 0.7139423076923077 0.5432692307692307 0.8173076923076923 0.5432692307692307 0.8173076923076923 0.7788461538461539 0.7139423076923077 0.7788461538461539
5 0.6057692307692307 0.23076923076923078 0.6850961538461539 0.23076923076923078 0.6850961538461539 0.4182692307692308 0.6057692307692307 0.4182692307692308
4 0.7091346153846154 0.1971153846153846 0.7644230769230769 0.1971153846153846 0.7644230769230769 0.31490384615384615 0.7091346153846154 0.31490384615384615
4 0.6346153846153846 0.4951923076923077 0.6947115384615384 0.4951923076923077 0.6947115384615384 0.6201923076923077 0.6346153846153846 0.6201923076923077
4 0.5288461538461539 0.27163461538461536 0.5865384615384616 0.27163461538461536 0.5865384615384616 0.3918269230769231 0.5288461538461539 0.3918269230769231
3 0.42788461538461536 0.35336538461538464 0.5144230769230769 0.35336538461538464 0.5144230769230769 0.5096153846153846 0.42788461538461536 0.5096153846153846
11 0.35096153846153844 0.21394230769230768 0.43028846153846156 0.21394230769230768 0.43028846153846156 0.41586538461538464 0.35096153846153844 0.41586538461538464
8 0.24519230769230768 0.2764423076923077 0.3293269230769231 0.2764423076923077 0.3293269230769231 0.5 0.24519230769230768 0.5
10 0.43509615384615385 0.2692307692307692 0.5024038461538461 0.2692307692307692 0.5024038461538461 0.3894230769230769 0.43509615384615385 0.3894230769230769
10 0.3701923076923077 0.09375 0.4326923076923077 0.09375 0.4326923076923077 0.21153846153846154 0.3701923076923077 0.21153846153846154
10 0.2860576923076923 0.007211538461538462 0.34615384615384615 0.007211538461538462 0.34615384615384615 0.11538461538461539 0.2860576923076923 0.11538461538461539
10 0.2283653846153846 0.5865384615384616 0.3004807692307692 0.5865384615384616 0.3004807692307692 0.7235576923076923 0.2283653846153846 0.7235576923076923
12 0.17067307692307693 0.1466346153846154 0.24519230769230768 0.1466346153846154 0.24519230769230768 0.2860576923076923 0.17067307692307693 0.2860576923076923
12 0.6322115384615384 0.7139423076923077 0.7163461538461539 0.7139423076923077 0.7163461538461539 0.8822115384615384 0.6322115384615384 0.8822115384615384