6 0.8173076923076923 0.6923076923076923 0.8942307692307693 0.6923076923076923 0.8942307692307693 0.8389423076923077 0.8173076923076923 0.8389423076923077
2 0.6899038461538461 0.4951923076923077 0.7836538461538461 0.4951923076923077 0.7836538461538461 0.7211538461538461 0.6899038461538461 0.7211538461538461
5 0.5721153846153846 0.18990384615384615 0.6466346153846154 0.18990384615384615 0.6466346153846154 0.375 0.5721153846153846 0.375
4 0.6706730769230769 0.15865384615384615 0.7211538461538461 0.15865384615384615 0.7211538461538461 0.27163461538461536 0.6706730769230769 0.27163461538461536
4 0.6081730769230769 0.44711538461538464 0.6610576923076923 0.44711538461538464 0.6610576923076923 0.5721153846153846 0.6081730769230769 0.5721153846153846
4 0.4951923076923077 0.23076923076923078 0.5480769230769231 0.23076923076923078 0.5480769230769231 0.3485576923076923 0.4951923076923077 0.3485576923076923
3 0.4014423076923077 0.3125 0.4807692307692308 0.3125 0.4807692307692308 0.4639423076923077 0.4014423076923077 0.4639423076923077
11 0.3245192307692308 0.17548076923076922 0.3942307692307692 0.17548076923076922 0.3942307692307692 0.37259615384615385 0.3245192307692308 0.37259615384615385
8 0.22355769230769232 0.23798076923076922 0.3004807692307692 0.23798076923076922 0.3004807692307692 0.4567307692307692 0.22355769230769232 0.4567307692307692
10 0.40625 0.2283653846153846 0.46634615384615385 0.2283653846153846 0.46634615384615385 0.34615384615384615 0.40625 0.34615384615384615
10 0.3389423076923077 0.06009615384615385 0.3942307692307692 0.06009615384615385 0.3942307692307692 0.17307692307692307 0.3389423076923077 0.17307692307692307
10 0.2548076923076923 0.002403846153846154 0.30528846153846156 0.002403846153846154 0.30528846153846156 0.07932692307692307 0.2548076923076923 0.07932692307692307
10 0.21153846153846154 0.5408653846153846 0.28125 0.5408653846153846 0.28125 0.6754807692307693 0.21153846153846154 0.6754807692307693
12 0.14423076923076922 0.11298076923076923 0.21153846153846154 0.11298076923076923 0.21153846153846154 0.25 0.14423076923076922 0.25
12 0.6105769230769231 0.6610576923076923 0.6899038461538461 0.6610576923076923 0.6899038461538461 0.8245192307692307 0.6105769230769231 0.8245192307692307