6 0.8221153846153846 0.6730769230769231 0.8942307692307693 0.6730769230769231 0.8942307692307693 0.8125 0.8221153846153846 0.8125
2 0.6971153846153846 0.4831730769230769 0.7884615384615384 0.4831730769230769 0.7884615384615384 0.6995192307692307 0.6971153846153846 0.6995192307692307
5 0.5865384615384616 0.19230769230769232 0.6586538461538461 0.19230769230769232 0.6586538461538461 0.36778846153846156 0.5865384615384616 0.36778846153846156
4 0.6826923076923077 0.15865384615384615 0.7307692307692307 0.15865384615384615 0.7307692307692307 0.2668269230769231 0.6826923076923077 0.2668269230769231
4 0.6201923076923077 0.43990384615384615 0.6730769230769231 0.43990384615384615 0.6730769230769231 0.5576923076923077 0.6201923076923077 0.5576923076923077
4 0.5144230769230769 0.23317307692307693 0.5649038461538461 0.23317307692307693 0.5649038461538461 0.34375 0.5144230769230769 0.34375
3 0.4230769230769231 0.3076923076923077 0.5 0.3076923076923077 0.5 0.4543269230769231 0.4230769230769231 0.4543269230769231
11 0.34615384615384615 0.18028846153846154 0.41586538461538464 0.18028846153846154 0.41586538461538464 0.36778846153846156 0.34615384615384615 0.36778846153846156
8 0.25 0.2403846153846154 0.3245192307692308 0.2403846153846154 0.3245192307692308 0.4495192307692308 0.25 0.4495192307692308
10 0.42788461538461536 0.2283653846153846 0.4855769230769231 0.2283653846153846 0.4855769230769231 0.34134615384615385 0.42788461538461536 0.34134615384615385
10 0.3629807692307692 0.0673076923076923 0.41586538461538464 0.0673076923076923 0.41586538461538464 0.17548076923076922 0.3629807692307692 0.17548076923076922
10 0.28125 0 0.33413461538461536 0 0.33413461538461536 0.0889423076923077 0.28125 0.0889423076923077
10 0.23798076923076922 0.5336538461538461 0.30528846153846156 0.5336538461538461 0.30528846153846156 0.6610576923076923 0.23798076923076922 0.6610576923076923
12 0.17548076923076922 0.1201923076923077 0.2403846153846154 0.1201923076923077 0.2403846153846154 0.25240384615384615 0.17548076923076922 0.25240384615384615
12 0.6225961538461539 0.6442307692307693 0.6995192307692307 0.6442307692307693 0.6995192307692307 0.8004807692307693 0.6225961538461539 0.8004807692307693