2 0.15144230769230768 0.19471153846153846 0.2403846153846154 0.19471153846153846 0.2403846153846154 0.40625 0.15144230769230768 0.40625
1 0.35096153846153844 0.07932692307692307 0.4110576923076923 0.07932692307692307 0.4110576923076923 0.2283653846153846 0.35096153846153844 0.2283653846153846
6 0.37259615384615385 0.014423076923076924 0.4375 0.014423076923076924 0.4375 0.13942307692307693 0.37259615384615385 0.13942307692307693
6 0.42788461538461536 0.1778846153846154 0.4951923076923077 0.1778846153846154 0.4951923076923077 0.30528846153846156 0.42788461538461536 0.30528846153846156
3 0.5096153846153846 0.1778846153846154 0.5721153846153846 0.1778846153846154 0.5721153846153846 0.31490384615384615 0.5096153846153846 0.31490384615384615
4 0.5336538461538461 0.12259615384615384 0.5913461538461539 0.12259615384615384 0.5913461538461539 0.23076923076923078 0.5336538461538461 0.23076923076923078
4 0.2548076923076923 0.28846153846153844 0.31009615384615385 0.28846153846153844 0.31009615384615385 0.4014423076923077 0.2548076923076923 0.4014423076923077
4 0.3317307692307692 0.49278846153846156 0.3870192307692308 0.49278846153846156 0.3870192307692308 0.6129807692307693 0.3317307692307692 0.6129807692307693
4 0.18028846153846154 0.7451923076923077 0.24759615384615385 0.7451923076923077 0.24759615384615385 0.8677884615384616 0.18028846153846154 0.8677884615384616
4 0.3918269230769231 0.6177884615384616 0.45913461538461536 0.6177884615384616 0.45913461538461536 0.7475961538461539 0.3918269230769231 0.7475961538461539
3 0.4855769230769231 0.7139423076923077 0.5649038461538461 0.7139423076923077 0.5649038461538461 0.8870192307692307 0.4855769230769231 0.8870192307692307
8 0.7836538461538461 0.30528846153846156 0.875 0.30528846153846156 0.875 0.5192307692307693 0.7836538461538461 0.5192307692307693
12 0.7644230769230769 0.004807692307692308 0.8341346153846154 0.004807692307692308 0.8341346153846154 0.14182692307692307 0.7644230769230769 0.14182692307692307
9 0.6947115384615384 0.7235576923076923 0.7836538461538461 0.7235576923076923 0.7836538461538461 0.8942307692307693 0.6947115384615384 0.8942307692307693
11 0.6057692307692307 0.04567307692307692 0.6826923076923077 0.04567307692307692 0.6826923076923077 0.23798076923076922 0.6057692307692307 0.23798076923076922
7 0.7764423076923077 0.06971153846153846 0.8413461538461539 0.06971153846153846 0.8413461538461539 0.21634615384615385 0.7764423076923077 0.21634615384615385
7 0.5913461538461539 0.3581730769230769 0.6586538461538461 0.3581730769230769 0.6586538461538461 0.5096153846153846 0.5913461538461539 0.5096153846153846
10 0.44711538461538464 0.0985576923076923 0.5048076923076923 0.0985576923076923 0.5048076923076923 0.21153846153846154 0.44711538461538464 0.21153846153846154
10 0.6850961538461539 0.10096153846153846 0.7475961538461539 0.10096153846153846 0.7475961538461539 0.22115384615384615 0.6850961538461539 0.22115384615384615
10 0.6995192307692307 0.27884615384615385 0.7572115384615384 0.27884615384615385 0.7572115384615384 0.3942307692307692 0.6995192307692307 0.3942307692307692
10 0.6947115384615384 0.38221153846153844 0.7620192307692307 0.38221153846153844 0.7620192307692307 0.5 0.6947115384615384 0.5
10 0.5865384615384616 0.5096153846153846 0.6538461538461539 0.5096153846153846 0.6538461538461539 0.6346153846153846 0.5865384615384616 0.6346153846153846