2 0.125 0.1778846153846154 0.21875 0.1778846153846154 0.21875 0.39663461538461536 0.125 0.39663461538461536
1 0.3317307692307692 0.055288461538461536 0.3942307692307692 0.055288461538461536 0.3942307692307692 0.2091346153846154 0.3317307692307692 0.2091346153846154
6 0.35336538461538464 0 0.4206730769230769 0 0.4206730769230769 0.11778846153846154 0.35336538461538464 0.11778846153846154
6 0.40865384615384615 0.15625 0.4807692307692308 0.15625 0.4807692307692308 0.2860576923076923 0.40865384615384615 0.2860576923076923
3 0.49278846153846156 0.15144230769230768 0.5576923076923077 0.15144230769230768 0.5576923076923077 0.2956730769230769 0.49278846153846156 0.2956730769230769
4 0.5192307692307693 0.09615384615384616 0.5769230769230769 0.09615384615384616 0.5769230769230769 0.2091346153846154 0.5192307692307693 0.2091346153846154
4 0.23317307692307693 0.27163461538461536 0.28846153846153844 0.27163461538461536 0.28846153846153844 0.3894230769230769 0.23317307692307693 0.3894230769230769
4 0.31009615384615385 0.47836538461538464 0.36778846153846156 0.47836538461538464 0.36778846153846156 0.6033653846153846 0.31009615384615385 0.6033653846153846
4 0.15144230769230768 0.7403846153846154 0.22115384615384615 0.7403846153846154 0.22115384615384615 0.8653846153846154 0.15144230769230768 0.8653846153846154
4 0.36778846153846156 0.6033653846153846 0.4375 0.6033653846153846 0.4375 0.7379807692307693 0.36778846153846156 0.7379807692307693
3 0.46153846153846156 0.6995192307692307 0.5456730769230769 0.6995192307692307 0.5456730769230769 0.8798076923076923 0.46153846153846156 0.8798076923076923
8 0.7692307692307693 0.27403846153846156 0.8677884615384616 0.27403846153846156 0.8677884615384616 0.49759615384615385 0.7692307692307693 0.49759615384615385
12 0.7524038461538461 0 0.8269230769230769 0 0.8269230769230769 0.11298076923076923 0.7524038461538461 0.11298076923076923
9 0.6778846153846154 0.7043269230769231 0.7716346153846154 0.7043269230769231 0.7716346153846154 0.8798076923076923 0.6778846153846154 0.8798076923076923
11 0.59375 0.016826923076923076 0.6706730769230769 0.016826923076923076 0.6706730769230769 0.21153846153846154 0.59375 0.21153846153846154
7 0.7668269230769231 0.03365384615384615 0.8341346153846154 0.03365384615384615 0.8341346153846154 0.18509615384615385 0.7668269230769231 0.18509615384615385
7 0.5745192307692307 0.33413461538461536 0.6442307692307693 0.33413461538461536 0.6442307692307693 0.49038461538461536 0.5745192307692307 0.49038461538461536
10 0.42788461538461536 0.07211538461538461 0.4879807692307692 0.07211538461538461 0.4879807692307692 0.18990384615384615 0.42788461538461536 0.18990384615384615
10 0.6730769230769231 0.06971153846153846 0.7355769230769231 0.06971153846153846 0.7355769230769231 0.19230769230769232 0.6730769230769231 0.19230769230769232
10 0.6875 0.25240384615384615 0.7451923076923077 0.25240384615384615 0.7451923076923077 0.3701923076923077 0.6875 0.3701923076923077
10 0.6802884615384616 0.3581730769230769 0.75 0.3581730769230769 0.75 0.4807692307692308 0.6802884615384616 0.4807692307692308
10 0.5697115384615384 0.4879807692307692 0.6394230769230769 0.4879807692307692 0.6394230769230769 0.6201923076923077 0.5697115384615384 0.6201923076923077