5 0.18509615384615385 0.22115384615384615 0.25961538461538464 0.22115384615384615 0.25961538461538464 0.38461538461538464 0.18509615384615385 0.38461538461538464
2 0.1778846153846154 0.28125 0.25721153846153844 0.28125 0.25721153846153844 0.46875 0.1778846153846154 0.46875
6 0.13701923076923078 0.6658653846153846 0.21394230769230768 0.6658653846153846 0.21394230769230768 0.8052884615384616 0.13701923076923078 0.8052884615384616
6 0.23317307692307693 0.016826923076923076 0.2860576923076923 0.016826923076923076 0.2860576923076923 0.12980769230769232 0.23317307692307693 0.12980769230769232
1 0.22596153846153846 0.15144230769230768 0.2764423076923077 0.15144230769230768 0.2764423076923077 0.2860576923076923 0.22596153846153846 0.2860576923076923
1 0.27403846153846156 0.5600961538461539 0.33653846153846156 0.5600961538461539 0.33653846153846156 0.6875 0.27403846153846156 0.6875
4 0.28846153846153844 0.3581730769230769 0.33413461538461536 0.3581730769230769 0.33413461538461536 0.4567307692307692 0.28846153846153844 0.4567307692307692
4 0.2764423076923077 0.46153846153846156 0.3269230769230769 0.46153846153846156 0.3269230769230769 0.5649038461538461 0.2764423076923077 0.5649038461538461
4 0.34615384615384615 0.6995192307692307 0.4014423076923077 0.6995192307692307 0.4014423076923077 0.8004807692307693 0.34615384615384615 0.8004807692307693
4 0.3701923076923077 0.5721153846153846 0.4230769230769231 0.5721153846153846 0.4230769230769231 0.6802884615384616 0.3701923076923077 0.6802884615384616
4 0.3076923076923077 0.18990384615384615 0.35096153846153844 0.18990384615384615 0.35096153846153844 0.28365384615384615 0.3076923076923077 0.28365384615384615
4 0.3173076923076923 0.11057692307692307 0.3605769230769231 0.11057692307692307 0.3605769230769231 0.20192307692307693 0.3173076923076923 0.20192307692307693
4 0.32211538461538464 0.021634615384615384 0.36538461538461536 0.021634615384615384 0.36538461538461536 0.1201923076923077 0.32211538461538464 0.1201923076923077
3 0.3894230769230769 0.07692307692307693 0.43990384615384615 0.07692307692307693 0.43990384615384615 0.21153846153846154 0.3894230769230769 0.21153846153846154
3 0.35096153846153844 0.4230769230769231 0.41586538461538464 0.4230769230769231 0.41586538461538464 0.5649038461538461 0.35096153846153844 0.5649038461538461
4 0.46634615384615385 0.2644230769230769 0.5120192307692307 0.2644230769230769 0.5120192307692307 0.36778846153846156 0.46634615384615385 0.36778846153846156
11 0.7860576923076923 0.21634615384615385 0.8485576923076923 0.21634615384615385 0.8485576923076923 0.38461538461538464 0.7860576923076923 0.38461538461538464
8 0.8004807692307693 0.28846153846153844 0.8701923076923077 0.28846153846153844 0.8701923076923077 0.4831730769230769 0.8004807692307693 0.4831730769230769
7 0.8197115384615384 0.44471153846153844 0.8774038461538461 0.44471153846153844 0.8774038461538461 0.5793269230769231 0.8197115384615384 0.5793269230769231
7 0.7836538461538461 0.15865384615384615 0.8389423076923077 0.15865384615384615 0.8389423076923077 0.29086538461538464 0.7836538461538461 0.29086538461538464
9 0.6057692307692307 0.14182692307692307 0.6682692307692307 0.14182692307692307 0.6682692307692307 0.2932692307692308 0.6057692307692307 0.2932692307692308
9 0.8100961538461539 0.5456730769230769 0.8822115384615384 0.5456730769230769 0.8822115384615384 0.6971153846153846 0.8100961538461539 0.6971153846153846
10 0.5384615384615384 0.6995192307692307 0.5913461538461539 0.6995192307692307 0.5913461538461539 0.8052884615384616 0.5384615384615384 0.8052884615384616
10 0.7235576923076923 0.5865384615384616 0.7836538461538461 0.5865384615384616 0.7836538461538461 0.6899038461538461 0.7235576923076923 0.6899038461538461
10 0.7163461538461539 0.4855769230769231 0.7788461538461539 0.4855769230769231 0.7788461538461539 0.59375 0.7163461538461539 0.59375
10 0.7067307692307693 0.3798076923076923 0.7620192307692307 0.3798076923076923 0.7620192307692307 0.4807692307692308 0.7067307692307693 0.4807692307692308
10 0.6995192307692307 0.28125 0.7596153846153846 0.28125 0.7596153846153846 0.3798076923076923 0.6995192307692307 0.3798076923076923
10 0.6995192307692307 0.1971153846153846 0.7524038461538461 0.1971153846153846 0.7524038461538461 0.29086538461538464 0.6995192307692307 0.29086538461538464
10 0.6899038461538461 0.11538461538461539 0.7451923076923077 0.11538461538461539 0.7451923076923077 0.20673076923076922 0.6899038461538461 0.20673076923076922
10 0.6947115384615384 0.03125 0.7355769230769231 0.03125 0.7355769230769231 0.12740384615384615 0.6947115384615384 0.12740384615384615
12 0.7644230769230769 0.021634615384615384 0.8197115384615384 0.021634615384615384 0.8197115384615384 0.13221153846153846 0.7644230769230769 0.13221153846153846
12 0.7307692307692307 0.6947115384615384 0.7956730769230769 0.6947115384615384 0.7956730769230769 0.8269230769230769 0.7307692307692307 0.8269230769230769