5 0.7211538461538461 0.22596153846153846 0.8052884615384616 0.22596153846153846 0.8052884615384616 0.40384615384615385 0.7211538461538461 0.40384615384615385
2 0.7259615384615384 0.2932692307692308 0.8100961538461539 0.2932692307692308 0.8100961538461539 0.49759615384615385 0.7259615384615384 0.49759615384615385
6 0.7788461538461539 0.71875 0.8605769230769231 0.71875 0.8605769230769231 0.8629807692307693 0.7788461538461539 0.8629807692307693
6 0.6947115384615384 0.007211538461538462 0.7427884615384616 0.007211538461538462 0.7427884615384616 0.12740384615384615 0.6947115384615384 0.12740384615384615
1 0.7067307692307693 0.14903846153846154 0.7596153846153846 0.14903846153846154 0.7596153846153846 0.2956730769230769 0.7067307692307693 0.2956730769230769
1 0.6466346153846154 0.5889423076923077 0.7139423076923077 0.5889423076923077 0.7139423076923077 0.7355769230769231 0.6466346153846154 0.7355769230769231
4 0.6081730769230769 0.007211538461538462 0.65625 0.007211538461538462 0.65625 0.11298076923076923 0.6081730769230769 0.11298076923076923
4 0.6274038461538461 0.18990384615384615 0.6706730769230769 0.18990384615384615 0.6706730769230769 0.2980769230769231 0.6274038461538461 0.2980769230769231
4 0.6153846153846154 0.10096153846153846 0.6586538461538461 0.10096153846153846 0.6586538461538461 0.20432692307692307 0.6153846153846154 0.20432692307692307
4 0.6538461538461539 0.49278846153846156 0.7115384615384616 0.49278846153846156 0.7115384615384616 0.5961538461538461 0.6538461538461539 0.5961538461538461
4 0.6442307692307693 0.37259615384615385 0.6923076923076923 0.37259615384615385 0.6923076923076923 0.4855769230769231 0.6442307692307693 0.4855769230769231
4 0.5817307692307693 0.7403846153846154 0.6346153846153846 0.7403846153846154 0.6346153846153846 0.8557692307692307 0.5817307692307693 0.8557692307692307
4 0.5504807692307693 0.6057692307692307 0.6081730769230769 0.6057692307692307 0.6081730769230769 0.7259615384615384 0.5504807692307693 0.7259615384615384
4 0.4495192307692308 0.2668269230769231 0.5 0.2668269230769231 0.5 0.375 0.4495192307692308 0.375
3 0.5264423076923077 0.0673076923076923 0.5841346153846154 0.0673076923076923 0.5841346153846154 0.20673076923076922 0.5264423076923077 0.20673076923076922
3 0.3629807692307692 0.34134615384615385 0.4254807692307692 0.34134615384615385 0.4254807692307692 0.4951923076923077 0.3629807692307692 0.4951923076923077
11 0.08413461538461539 0.20673076923076922 0.15144230769230768 0.20673076923076922 0.15144230769230768 0.3894230769230769 0.08413461538461539 0.3894230769230769
8 0.06490384615384616 0.28846153846153844 0.13701923076923078 0.28846153846153844 0.13701923076923078 0.49278846153846156 0.06490384615384616 0.49278846153846156
7 0.0985576923076923 0.1466346153846154 0.15384615384615385 0.1466346153846154 0.15384615384615385 0.29086538461538464 0.0985576923076923 0.29086538461538464
7 0.055288461538461536 0.4567307692307692 0.11538461538461539 0.4567307692307692 0.11538461538461539 0.6009615384615384 0.055288461538461536 0.6009615384615384
9 0.28365384615384615 0.13942307692307693 0.33653846153846156 0.13942307692307693 0.33653846153846156 0.2932692307692308 0.28365384615384615 0.2932692307692308
9 0.05048076923076923 0.5745192307692307 0.125 0.5745192307692307 0.125 0.7283653846153846 0.05048076923076923 0.7283653846153846
12 0.15144230769230768 0.7283653846153846 0.21634615384615385 0.7283653846153846 0.21634615384615385 0.875 0.15144230769230768 0.875
12 0.11538461538461539 0 0.16826923076923078 0 0.16826923076923078 0.11538461538461539 0.11538461538461539 0.11538461538461539
10 0.20432692307692307 0.009615384615384616 0.24519230769230768 0.009615384615384616 0.24519230769230768 0.10817307692307693 0.20432692307692307 0.10817307692307693
10 0.20432692307692307 0.09615384615384616 0.24759615384615385 0.09615384615384616 0.24759615384615385 0.19471153846153846 0.20432692307692307 0.19471153846153846
10 0.1971153846153846 0.18990384615384615 0.2403846153846154 0.18990384615384615 0.2403846153846154 0.29086538461538464 0.1971153846153846 0.29086538461538464
10 0.18990384615384615 0.27884615384615385 0.23798076923076922 0.27884615384615385 0.23798076923076922 0.38461538461538464 0.18990384615384615 0.38461538461538464
10 0.18509615384615385 0.3870192307692308 0.23798076923076922 0.3870192307692308 0.23798076923076922 0.49278846153846156 0.18509615384615385 0.49278846153846156
10 0.17307692307692307 0.4951923076923077 0.22355769230769232 0.4951923076923077 0.22355769230769232 0.6057692307692307 0.17307692307692307 0.6057692307692307
10 0.16826923076923078 0.6057692307692307 0.22355769230769232 0.6057692307692307 0.22355769230769232 0.7211538461538461 0.16826923076923078 0.7211538461538461
10 0.36538461538461536 0.7307692307692307 0.4230769230769231 0.7307692307692307 0.4230769230769231 0.8557692307692307 0.36538461538461536 0.8557692307692307