5 0.1778846153846154 0.21634615384615385 0.25240384615384615 0.21634615384615385 0.25240384615384615 0.38221153846153844 0.1778846153846154 0.38221153846153844
2 0.17307692307692307 0.2764423076923077 0.24759615384615385 0.2764423076923077 0.24759615384615385 0.47115384615384615 0.17307692307692307 0.47115384615384615
6 0.11778846153846154 0.6754807692307693 0.19471153846153846 0.6754807692307693 0.19471153846153846 0.8076923076923077 0.11778846153846154 0.8076923076923077
6 0.23798076923076922 0.01201923076923077 0.28365384615384615 0.01201923076923077 0.28365384615384615 0.12259615384615384 0.23798076923076922 0.12259615384615384
1 0.22115384615384615 0.14423076923076922 0.27163461538461536 0.14423076923076922 0.27163461538461536 0.28125 0.22115384615384615 0.28125
1 0.25721153846153844 0.5528846153846154 0.31971153846153844 0.5528846153846154 0.31971153846153844 0.6899038461538461 0.25721153846153844 0.6899038461538461
4 0.31971153846153844 0.014423076923076924 0.3629807692307692 0.014423076923076924 0.3629807692307692 0.11057692307692307 0.31971153846153844 0.11057692307692307
4 0.30288461538461536 0.18269230769230768 0.34615384615384615 0.18269230769230768 0.34615384615384615 0.28365384615384615 0.30288461538461536 0.28365384615384615
4 0.31490384615384615 0.0985576923076923 0.3557692307692308 0.0985576923076923 0.3557692307692308 0.19471153846153846 0.31490384615384615 0.19471153846153846
4 0.2620192307692308 0.4639423076923077 0.31490384615384615 0.4639423076923077 0.31490384615384615 0.5600961538461539 0.2620192307692308 0.5600961538461539
4 0.27884615384615385 0.35336538461538464 0.3245192307692308 0.35336538461538464 0.3245192307692308 0.45913461538461536 0.27884615384615385 0.45913461538461536
4 0.3293269230769231 0.6947115384615384 0.37740384615384615 0.6947115384615384 0.37740384615384615 0.8004807692307693 0.3293269230769231 0.8004807692307693
4 0.3557692307692308 0.5697115384615384 0.40625 0.5697115384615384 0.40625 0.6802884615384616 0.3557692307692308 0.6802884615384616
4 0.46153846153846156 0.2548076923076923 0.5072115384615384 0.2548076923076923 0.5072115384615384 0.3557692307692308 0.46153846153846156 0.3557692307692308
3 0.3870192307692308 0.06971153846153846 0.43990384615384615 0.06971153846153846 0.43990384615384615 0.1971153846153846 0.3870192307692308 0.1971153846153846
3 0.5288461538461539 0.3245192307692308 0.5865384615384616 0.3245192307692308 0.5865384615384616 0.46634615384615385 0.5288461538461539 0.46634615384615385
11 0.7860576923076923 0.1971153846153846 0.8485576923076923 0.1971153846153846 0.8485576923076923 0.36778846153846156 0.7860576923076923 0.36778846153846156
8 0.7980769230769231 0.27403846153846156 0.8653846153846154 0.27403846153846156 0.8653846153846154 0.4639423076923077 0.7980769230769231 0.4639423076923077
7 0.7860576923076923 0.13942307692307693 0.8365384615384616 0.13942307692307693 0.8365384615384616 0.2764423076923077 0.7860576923076923 0.2764423076923077
7 0.8173076923076923 0.4326923076923077 0.8725961538461539 0.4326923076923077 0.8725961538461539 0.5649038461538461 0.8173076923076923 0.5649038461538461
9 0.6153846153846154 0.1346153846153846 0.6658653846153846 0.1346153846153846 0.6658653846153846 0.2764423076923077 0.6153846153846154 0.2764423076923077
9 0.8028846153846154 0.5408653846153846 0.8725961538461539 0.5408653846153846 0.8725961538461539 0.6850961538461539 0.8028846153846154 0.6850961538461539
12 0.71875 0.6826923076923077 0.7788461538461539 0.6826923076923077 0.7788461538461539 0.8197115384615384 0.71875 0.8197115384615384
12 0.7740384615384616 0.004807692307692308 0.8197115384615384 0.004807692307692308 0.8197115384615384 0.11057692307692307 0.7740384615384616 0.11057692307692307
10 0.7019230769230769 0.014423076923076924 0.7403846153846154 0.014423076923076924 0.7403846153846154 0.10817307692307693 0.7019230769230769 0.10817307692307693
10 0.6995192307692307 0.09615384615384616 0.7403846153846154 0.09615384615384616 0.7403846153846154 0.18509615384615385 0.6995192307692307 0.18509615384615385
10 0.7043269230769231 0.18269230769230768 0.7427884615384616 0.18269230769230768 0.7427884615384616 0.2764423076923077 0.7043269230769231 0.2764423076923077
10 0.7043269230769231 0.2644230769230769 0.75 0.2644230769230769 0.75 0.36538461538461536 0.7043269230769231 0.36538461538461536
10 0.7043269230769231 0.36538461538461536 0.7524038461538461 0.36538461538461536 0.7524038461538461 0.4639423076923077 0.7043269230769231 0.4639423076923077
10 0.7139423076923077 0.46634615384615385 0.7620192307692307 0.46634615384615385 0.7620192307692307 0.5697115384615384 0.7139423076923077 0.5697115384615384
10 0.7139423076923077 0.5697115384615384 0.7644230769230769 0.5697115384615384 0.7644230769230769 0.6754807692307693 0.7139423076923077 0.6754807692307693
10 0.5264423076923077 0.6875 0.5793269230769231 0.6875 0.5793269230769231 0.8028846153846154 0.5264423076923077 0.8028846153846154